1.000000 0.000932 -0.000103 0.000000 -0.000931 0.999994 0.003451 0.000000 0.000107 -0.003450 0.999994 0.000000
0.999999 0.001304 0.001009 0.000000 -0.001309 0.999988 0.004801 0.000000 -0.001003 -0.004802 0.999988 0.000000
0.999996 0.002662 -0.000430 -0.165188 -0.002659 0.999983 0.005196 -0.068204 0.000444 -0.005195 0.999986 4.022354
0.999996 0.002612 -0.000775 -0.194598 -0.002608 0.999987 0.004336 -0.072118 0.000786 -0.004334 0.999990 5.558139
0.999997 0.001610 -0.001941 -0.228634 -0.001601 0.999987 0.004866 -0.073414 0.001949 -0.004863 0.999986 7.041782
0.999988 0.001265 -0.004747 -0.181404 -0.001242 0.999987 0.004904 -0.088026 0.004753 -0.004898 0.999977 8.541400
0.999981 -0.000913 -0.006057 -0.235757 0.000947 0.999984 0.005545 -0.115340 0.006052 -0.005551 0.999966 10.035222
0.999986 -0.000683 -0.005292 -0.276650 0.000713 0.999983 0.005707 -0.109555 0.005288 -0.005711 0.999970 11.528019
0.999979 0.000684 -0.006500 -0.272393 -0.000638 0.999975 0.007007 -0.136132 0.006505 -0.007003 0.999954 13.016692
0.999967 0.000843 -0.008059 -0.293188 -0.000790 0.999978 0.006541 -0.129964 0.008064 -0.006535 0.999946 14.501498
0.999995 0.002397 -0.001912 -0.439000 -0.002385 0.999976 0.006543 -0.122426 0.001927 -0.006539 0.999977 15.977282
0.999987 0.004628 -0.001975 -0.459026 -0.004615 0.999969 0.006404 -0.122459 0.002004 -0.006395 0.999978 17.451324
0.999975 0.005981 -0.003769 -0.463802 -0.005951 0.999952 0.007817 -0.148912 0.003815 -0.007794 0.999962 18.924808
0.999973 0.006301 -0.003744 -0.481979 -0.006272 0.999950 0.007811 -0.133902 0.003793 -0.007787 0.999962 20.386944
0.999961 0.007509 -0.004658 -0.491714 -0.007476 0.999947 0.007089 -0.132743 0.004711 -0.007054 0.999964 21.844350
0.999953 0.009111 -0.003378 -0.519912 -0.009088 0.999936 0.006786 -0.124161 0.003439 -0.006755 0.999971 23.296739
0.999940 0.010781 -0.001743 -0.569512 -0.010767 0.999910 0.008047 -0.130429 0.001830 -0.008027 0.999966 24.737261
0.999943 0.010607 -0.001256 -0.603125 -0.010598 0.999920 0.006950 -0.147871 0.001330 -0.006936 0.999975 26.170293
0.999932 0.011645 -0.000382 -0.638215 -0.011643 0.999917 0.005590 -0.174250 0.000447 -0.005585 0.999984 27.595568
0.999963 0.008531 0.001241 -0.643431 -0.008537 0.999950 0.005248 -0.181854 -0.001196 -0.005259 0.999985 29.017412
0.999973 0.007202 0.001499 -0.642970 -0.007212 0.999948 0.007187 -0.195043 -0.001447 -0.007197 0.999973 30.429029
0.999987 0.005101 0.000041 -0.629870 -0.005101 0.999950 0.008618 -0.204669 0.000003 -0.008618 0.999963 31.823763
0.999994 0.003318 -0.000202 -0.603977 -0.003316 0.999965 0.007744 -0.214576 0.000227 -0.007743 0.999970 33.207996
0.999992 0.003970 -0.000014 -0.613011 -0.003970 0.999967 0.007065 -0.241568 0.000042 -0.007065 0.999975 34.575932
0.999985 0.005556 -0.000048 -0.622163 -0.005556 0.999970 0.005423 -0.249165 0.000079 -0.005423 0.999985 35.932597
0.999971 0.007526 -0.000840 -0.617815 -0.007522 0.999963 0.004068 -0.254755 0.000871 -0.004062 0.999991 37.267234
0.999965 0.008358 0.000604 -0.622860 -0.008361 0.999951 0.005383 -0.269905 -0.000559 -0.005388 0.999985 38.591335
0.999952 0.009186 0.003516 -0.632891 -0.009212 0.999929 0.007519 -0.294570 -0.003447 -0.007551 0.999966 39.894543
0.999935 0.010172 0.005059 -0.634353 -0.010214 0.999914 0.008259 -0.297482 -0.004975 -0.008310 0.999953 41.177133
0.999876 0.013277 0.008467 -0.656013 -0.013354 0.999870 0.009071 -0.312216 -0.008346 -0.009183 0.999923 42.440381
0.999849 0.013130 0.011406 -0.630112 -0.013228 0.999876 0.008546 -0.320495 -0.011293 -0.008695 0.999898 43.681463
0.999785 0.012005 0.016908 -0.642330 -0.012094 0.999913 0.005178 -0.318559 -0.016844 -0.005382 0.999844 44.914879
0.999746 0.009745 0.020313 -0.614292 -0.009816 0.999946 0.003392 -0.348886 -0.020279 -0.003590 0.999788 46.134505
0.999687 0.010149 0.022852 -0.580666 -0.010266 0.999935 0.005012 -0.370132 -0.022800 -0.005245 0.999726 47.343601
0.999607 0.010118 0.026142 -0.522288 -0.010256 0.999934 0.005134 -0.403039 -0.026088 -0.005400 0.999645 48.539925
0.999401 0.010876 0.032845 -0.497941 -0.011028 0.999929 0.004430 -0.422286 -0.032794 -0.004789 0.999451 49.725408
0.999041 0.012116 0.042082 -0.474669 -0.012297 0.999916 0.004030 -0.423207 -0.042030 -0.004544 0.999106 50.903102
0.998585 0.013291 0.051489 -0.462148 -0.013560 0.999896 0.004874 -0.437496 -0.051419 -0.005565 0.998662 52.067771
0.997894 0.015452 0.063001 -0.440355 -0.015883 0.999854 0.006344 -0.481627 -0.062893 -0.007331 0.997993 53.215938
0.997058 0.016919 0.074754 -0.350426 -0.017412 0.999831 0.005956 -0.492500 -0.074641 -0.007240 0.997184 54.345402
0.995896 0.018547 0.088581 -0.244236 -0.019318 0.999783 0.007856 -0.520314 -0.088416 -0.009535 0.996038 55.461929
0.994358 0.020775 0.104023 -0.140974 -0.021865 0.999717 0.009357 -0.529114 -0.103799 -0.011579 0.994531 56.571354
0.992498 0.019545 0.120689 -0.034886 -0.021152 0.999704 0.012052 -0.568891 -0.120418 -0.014514 0.992617 57.664348
0.989789 0.019828 0.141157 0.093496 -0.021583 0.999708 0.010913 -0.567720 -0.140900 -0.013849 0.989927 58.742499
0.986721 0.018439 0.161374 0.276047 -0.020306 0.999745 0.009929 -0.560933 -0.161149 -0.013074 0.986843 59.801754
0.983239 0.015235 0.181684 0.456144 -0.017402 0.999795 0.010340 -0.577627 -0.181489 -0.013328 0.983303 60.850096
0.979645 0.010746 0.200451 0.702755 -0.013816 0.999808 0.013926 -0.590212 -0.200263 -0.016412 0.979605 61.873069
0.974693 0.005152 0.223487 0.914340 -0.009255 0.999807 0.017316 -0.605590 -0.223355 -0.018947 0.974553 62.890953
0.968886 -0.001354 0.247504 1.166565 -0.003324 0.999824 0.018482 -0.607360 -0.247486 -0.018730 0.968710 63.883113
0.961407 -0.008022 0.275013 1.424617 0.003290 0.999839 0.017664 -0.606458 -0.275110 -0.016078 0.961278 64.864775
0.954037 -0.013968 0.299364 1.740796 0.008761 0.999786 0.018729 -0.586043 -0.299562 -0.015246 0.953955 65.817816
0.945038 -0.017777 0.326477 2.059862 0.011686 0.999719 0.020608 -0.574780 -0.326752 -0.015660 0.944980 66.764617
0.934530 -0.021565 0.355231 2.394657 0.013898 0.999612 0.024120 -0.569767 -0.355613 -0.017604 0.934467 67.690727
0.922690 -0.024558 0.384760 2.750170 0.016697 0.999578 0.023760 -0.570644 -0.385181 -0.015499 0.922711 68.591699
0.910595 -0.027024 0.412416 3.157645 0.020281 0.999580 0.020719 -0.571029 -0.412802 -0.010503 0.910760 69.460593
0.897715 -0.033572 0.439296 3.612405 0.028577 0.999430 0.017981 -0.568310 -0.439650 -0.003588 0.898162 70.302013
0.881836 -0.037378 0.470072 4.031462 0.033249 0.999301 0.017087 -0.572658 -0.470382 0.000562 0.882463 71.160127
0.865780 -0.036962 0.499058 4.509690 0.032034 0.999317 0.018440 -0.560166 -0.499399 0.000022 0.866372 71.986496
0.847206 -0.032819 0.530250 5.002170 0.026418 0.999458 0.019651 -0.549081 -0.530608 -0.002641 0.847613 72.790100
0.828021 -0.032478 0.559756 5.539832 0.025053 0.999467 0.020931 -0.539059 -0.560138 -0.003308 0.828393 73.549462
0.806137 -0.028793 0.591028 6.071584 0.025347 0.999579 0.014125 -0.550155 -0.591186 0.003595 0.806528 74.304609
0.782365 -0.024192 0.622350 6.609144 0.026886 0.999626 0.005058 -0.551930 -0.622240 0.012776 0.782723 75.047775
0.759961 -0.022184 0.649590 7.198212 0.026740 0.999638 0.002854 -0.572923 -0.649418 0.015201 0.760279 75.756744
0.734156 -0.021148 0.678651 7.782712 0.024636 0.999686 0.004501 -0.587498 -0.678534 0.013415 0.734447 76.457185
0.709186 -0.021272 0.704700 8.419094 0.024627 0.999682 0.005393 -0.602454 -0.704591 0.013530 0.709484 77.090739
0.681784 -0.020595 0.731264 9.072553 0.027130 0.999628 0.002858 -0.618610 -0.731050 0.017891 0.682089 77.709186
0.657114 -0.020224 0.753520 9.768055 0.029163 0.999574 0.001396 -0.629607 -0.753227 0.021058 0.657424 78.275729
0.627924 -0.016609 0.778098 10.456064 0.028430 0.999594 -0.001606 -0.642505 -0.777755 0.023130 0.628141 78.860579
0.596680 -0.015779 0.802324 11.156568 0.030992 0.999514 -0.003391 -0.642556 -0.801881 0.026889 0.596879 79.427467
0.568148 -0.013148 0.822821 11.909732 0.035908 0.999316 -0.008826 -0.658354 -0.822143 0.034561 0.568231 79.928853
0.538268 -0.010692 0.842706 12.689009 0.043204 0.998955 -0.014922 -0.681982 -0.841665 0.044440 0.538168 80.415769
0.505467 -0.005865 0.862826 13.449098 0.049130 0.998550 -0.021994 -0.712326 -0.861446 0.053508 0.505022 80.945912
0.472319 0.000598 0.881427 14.244433 0.050673 0.998327 -0.027831 -0.719614 -0.879970 0.057810 0.471499 81.423996
0.439839 0.007414 0.898046 15.083402 0.045895 0.998474 -0.030721 -0.753009 -0.896903 0.054728 0.438828 81.839621
0.405688 0.014614 0.913895 15.931986 0.041105 0.998569 -0.034215 -0.769594 -0.913087 0.051446 0.404507 82.217352
0.371116 0.021252 0.928343 16.805318 0.038787 0.998511 -0.038364 -0.799156 -0.927776 0.050245 0.369739 82.563136
0.335992 0.030644 0.941366 17.677388 0.036604 0.998291 -0.045562 -0.841671 -0.941153 0.049766 0.334296 82.911985
0.302552 0.039162 0.952328 18.581616 0.033650 0.998094 -0.051734 -0.902126 -0.952539 0.047698 0.300657 83.185595
0.267277 0.045111 0.962563 19.497565 0.031188 0.997975 -0.055431 -0.951696 -0.963115 0.044836 0.265329 83.436577
0.233201 0.046651 0.971309 20.433962 0.029011 0.998070 -0.054902 -1.026656 -0.971996 0.040982 0.231397 83.630867
0.196652 0.048489 0.979274 21.372855 0.028857 0.998057 -0.055214 -1.084792 -0.980049 0.039117 0.194871 83.826678
0.160135 0.047791 0.985938 22.322703 0.028816 0.998175 -0.053064 -1.141612 -0.986674 0.036908 0.158466 83.984792
0.125224 0.042925 0.991199 23.276026 0.031681 0.998381 -0.047239 -1.174542 -0.991623 0.037318 0.123661 84.103030
0.093342 0.043846 0.994668 24.235643 0.034988 0.998268 -0.047288 -1.238967 -0.995019 0.039215 0.091646 84.162239
0.057475 0.045754 0.997298 25.195870 0.041028 0.997997 -0.048151 -1.275801 -0.997504 0.043685 0.055482 84.258395
0.028671 0.039489 0.998809 26.165835 0.044834 0.998163 -0.040750 -1.336635 -0.998583 0.045949 0.026848 84.265689
0.005229 0.039564 0.999203 27.147274 0.043157 0.998277 -0.039753 -1.376888 -0.999055 0.043331 0.003513 84.244243
-0.016705 0.038491 0.999119 28.130022 0.039492 0.998504 -0.037807 -1.424424 -0.999080 0.038825 -0.018200 84.226580
-0.035863 0.040861 0.998521 29.110380 0.038646 0.998473 -0.039471 -1.454628 -0.998609 0.037174 -0.037387 84.200290
-0.052152 0.041004 0.997797 30.092037 0.040567 0.998419 -0.038909 -1.513714 -0.997815 0.038449 -0.053733 84.153526
-0.065498 0.037812 0.997136 31.075766 0.043748 0.998430 -0.034987 -1.564609 -0.996893 0.041331 -0.067049 84.061579
-0.076884 0.034527 0.996442 32.065149 0.048407 0.998351 -0.030858 -1.601585 -0.995864 0.045862 -0.078429 83.967482
-0.086313 0.030305 0.995807 33.056064 0.052105 0.998307 -0.025864 -1.639119 -0.994905 0.049654 -0.087746 83.884897
-0.093249 0.027123 0.995273 34.046936 0.056086 0.998185 -0.021948 -1.673361 -0.994062 0.053774 -0.094601 83.787476
-0.096983 0.027299 0.994912 35.044988 0.061835 0.997858 -0.021352 -1.694146 -0.993363 0.059450 -0.098463 83.679979
-0.096619 0.025714 0.994989 36.042011 0.065608 0.997657 -0.019412 -1.721860 -0.993157 0.063404 -0.098080 83.545074
-0.100760 0.027451 0.994532 37.046407 0.068575 0.997434 -0.020584 -1.750850 -0.992545 0.066126 -0.102384 83.458451
-0.101880 0.027610 0.994413 38.050101 0.071673 0.997221 -0.020344 -1.775078 -0.992211 0.069200 -0.103576 83.347049
-0.105061 0.027085 0.994097 39.063286 0.074189 0.997057 -0.019325 -1.811788 -0.991695 0.071721 -0.106761 83.261334
-0.105922 0.022902 0.994111 40.080600 0.074429 0.997113 -0.015041 -1.831326 -0.991585 0.072397 -0.107320 83.128945
-0.107382 0.022450 0.993964 41.098688 0.074009 0.997152 -0.014527 -1.840263 -0.991459 0.072002 -0.108738 82.995486
-0.111592 0.023430 0.993478 42.121211 0.073103 0.997207 -0.015307 -1.864891 -0.991062 0.070918 -0.112993 82.903015
-0.114023 0.023124 0.993209 43.147351 0.073700 0.997171 -0.014755 -1.902001 -0.990741 0.071517 -0.115405 82.817068
-0.118522 0.025454 0.992625 44.181070 0.075237 0.997028 -0.016583 -1.936291 -0.990097 0.072716 -0.120085 82.728390
-0.118906 0.026077 0.992563 45.208585 0.079062 0.996730 -0.016715 -1.937772 -0.989753 0.076487 -0.120578 82.552320
-0.122457 0.029771 0.992027 46.248624 0.083609 0.996306 -0.019579 -1.963804 -0.988946 0.080545 -0.124494 82.458429
-0.125445 0.032589 0.991565 47.292966 0.086988 0.995972 -0.021729 -2.005795 -0.988280 0.083528 -0.127775 82.346816
-0.125574 0.034248 0.991493 48.334667 0.089031 0.995760 -0.023119 -2.038366 -0.988081 0.085371 -0.128090 82.184104
-0.125923 0.036770 0.991358 49.389920 0.087883 0.995797 -0.025771 -2.058547 -0.988140 0.083878 -0.128625 82.026674
-0.128445 0.038417 0.990972 50.447603 0.084317 0.996054 -0.027686 -2.092979 -0.988126 0.080000 -0.131177 81.900381
-0.130962 0.040256 0.990570 51.507944 0.083606 0.996064 -0.029426 -2.107702 -0.987856 0.078964 -0.133812 81.772536
-0.133706 0.041989 0.990131 52.570483 0.084784 0.995924 -0.030785 -2.142977 -0.987388 0.079831 -0.136721 81.668653
-0.136598 0.041351 0.989763 53.635919 0.086931 0.995774 -0.029605 -2.174521 -0.986805 0.081997 -0.139615 81.561599
-0.137147 0.041116 0.989697 54.705018 0.091032 0.995433 -0.028740 -2.193066 -0.986359 0.086152 -0.140264 81.400057
-0.135042 0.043962 0.989864 55.777206 0.092301 0.995229 -0.031608 -2.220401 -0.986531 0.087097 -0.138455 81.235428
-0.134317 0.047773 0.989786 56.854598 0.091531 0.995165 -0.035611 -2.257190 -0.986702 0.085813 -0.138040 81.096991
-0.134546 0.053319 0.989472 57.934536 0.091072 0.994990 -0.041232 -2.318169 -0.986713 0.084565 -0.138728 80.981296
-0.135612 0.057750 0.989077 59.018073 0.092021 0.994719 -0.045462 -2.384816 -0.986479 0.084851 -0.140210 80.840782
-0.133307 0.061905 0.989140 60.105665 0.092696 0.994451 -0.049745 -2.449809 -0.986730 0.085058 -0.138305 80.673048
-0.131335 0.063995 0.989270 61.204337 0.092542 0.994348 -0.052038 -2.511593 -0.987009 0.084715 -0.136515 80.471380
-0.128724 0.063925 0.989618 62.303648 0.088296 0.994696 -0.052768 -2.555024 -0.987742 0.080587 -0.133686 80.291834
-0.129708 0.060168 0.989725 63.411862 0.079935 0.995543 -0.050046 -2.601234 -0.988325 0.072622 -0.133940 80.124503
-0.130638 0.054997 0.989903 64.513894 0.073473 0.996252 -0.045654 -2.651729 -0.988704 0.066767 -0.134190 79.970184
-0.131038 0.045769 0.990320 65.615995 0.073286 0.996648 -0.036365 -2.714477 -0.988665 0.067811 -0.133953 79.805883
-0.128612 0.041660 0.990820 66.724975 0.078067 0.996442 -0.031763 -2.767942 -0.988617 0.073265 -0.131407 79.654256
-0.130280 0.039411 0.990694 67.841278 0.083178 0.996122 -0.028689 -2.827753 -0.987982 0.078666 -0.133052 79.527464
-0.129713 0.040686 0.990717 68.968850 0.088115 0.995678 -0.029353 -2.864449 -0.987629 0.083490 -0.132737 79.395300
-0.127482 0.043640 0.990880 70.102030 0.084343 0.995890 -0.033010 -2.921354 -0.988248 0.079366 -0.130639 79.251668
-0.127960 0.043981 0.990804 71.241346 0.080252 0.996199 -0.033856 -2.968673 -0.988527 0.075182 -0.131003 79.127079
-0.127776 0.046623 0.990707 72.373472 0.078422 0.996242 -0.036769 -3.019902 -0.988698 0.072995 -0.130952 78.979844
-0.126031 0.047303 0.990898 73.506238 0.080329 0.996069 -0.037333 -3.067163 -0.988769 0.074893 -0.129335 78.803465
-0.126161 0.047692 0.990863 74.645863 0.086061 0.995604 -0.036962 -3.104492 -0.988270 0.080611 -0.129711 78.652115
-0.121803 0.046462 0.991466 75.788475 0.089326 0.995363 -0.035671 -3.139543 -0.988527 0.084219 -0.125389 78.443023
-0.123230 0.046708 0.991278 76.952574 0.086593 0.995588 -0.036146 -3.204519 -0.988593 0.081384 -0.126731 78.307898
-0.124247 0.044835 0.991238 78.113910 0.080099 0.996172 -0.035018 -3.232941 -0.989013 0.075046 -0.127363 78.178039
-0.125396 0.046718 0.991006 79.272832 0.077355 0.996310 -0.037180 -3.306110 -0.989086 0.071997 -0.128548 78.053909
-0.124454 0.051282 0.990899 80.436944 0.082073 0.995773 -0.041226 -3.345972 -0.988825 0.076195 -0.128136 77.926116
-0.121846 0.052057 0.991183 81.612751 0.086225 0.995404 -0.041679 -3.383765 -0.988797 0.080386 -0.125775 77.776686
-0.124424 0.052782 0.990824 82.776001 0.086444 0.995364 -0.042168 -3.433090 -0.988456 0.080404 -0.128410 77.642893
-0.126475 0.053925 0.990503 83.941899 0.084169 0.995504 -0.043450 -3.472175 -0.988392 0.077874 -0.130445 77.510284
-0.126557 0.051540 0.990620 85.109762 0.082525 0.995734 -0.041263 -3.541706 -0.988521 0.076529 -0.130270 77.347609
-0.128982 0.049469 0.990412 86.286906 0.082870 0.995799 -0.038946 -3.597617 -0.988178 0.077052 -0.132540 77.220343
-0.126153 0.045850 0.990951 87.470430 0.082159 0.995982 -0.035623 -3.641252 -0.988603 0.076922 -0.129413 77.038378
-0.126677 0.047652 0.990799 88.661824 0.082865 0.995862 -0.037301 -3.696244 -0.988477 0.077377 -0.130102 76.927869
-0.123750 0.046391 0.991228 89.869705 0.082867 0.995901 -0.036264 -3.746485 -0.988847 0.077653 -0.127087 76.763885
-0.117117 0.045508 0.992075 91.078148 0.081296 0.996036 -0.036093 -3.785907 -0.989785 0.076425 -0.120352 76.572369
-0.115668 0.046130 0.992216 92.292819 0.081266 0.996012 -0.036833 -3.832641 -0.989958 0.076373 -0.118955 76.425730
-0.109860 0.044768 0.992938 93.510051 0.081290 0.996043 -0.035913 -3.867030 -0.990617 0.076770 -0.113065 76.241916
-0.110371 0.045557 0.992846 94.736075 0.082214 0.995944 -0.036560 -3.926431 -0.990484 0.077591 -0.113669 76.135059
-0.110445 0.045628 0.992834 95.968675 0.085954 0.995641 -0.036195 -3.972064 -0.990159 0.081340 -0.113885 76.019383
-0.111658 0.049395 0.992518 97.203133 0.084864 0.995589 -0.040000 -4.026306 -0.990116 0.079762 -0.115357 75.923110
-0.110552 0.052600 0.992477 98.435888 0.083572 0.995554 -0.043454 -4.093877 -0.990350 0.078139 -0.114457 75.795435
-0.106078 0.053806 0.992901 99.671573 0.085146 0.995359 -0.044842 -4.149914 -0.990706 0.079784 -0.110167 75.619570
-0.103758 0.055669 0.993043 100.915159 0.084416 0.995323 -0.046976 -4.215740 -0.991014 0.078955 -0.107972 75.467155
-0.110234 0.058574 0.992178 102.168860 0.082974 0.995320 -0.049541 -4.286448 -0.990436 0.076864 -0.114578 75.392440
-0.110257 0.062825 0.991916 103.415522 0.082596 0.995127 -0.053848 -4.363955 -0.990465 0.075991 -0.114909 75.255330
-0.109842 0.064228 0.991872 104.659739 0.081036 0.995167 -0.055468 -4.455535 -0.990640 0.074284 -0.114515 75.086175
-0.109153 0.063070 0.992022 105.906811 0.081434 0.995198 -0.054312 -4.525546 -0.990684 0.074856 -0.113765 74.926042
-0.114702 0.064815 0.991283 107.158355 0.079859 0.995241 -0.055833 -4.602812 -0.990185 0.072758 -0.119333 74.802130
-0.114738 0.066514 0.991167 108.397246 0.075558 0.995450 -0.058055 -4.677003 -0.990518 0.068230 -0.119242 74.637655
-0.120866 0.070467 0.990165 109.628661 0.077879 0.995076 -0.061310 -4.746530 -0.989609 0.069702 -0.125759 74.527150
-0.127579 0.078169 0.988743 110.870903 0.086903 0.993936 -0.067366 -4.823553 -0.988014 0.077330 -0.133598 74.418230
-0.137084 0.078251 0.987464 112.101087 0.090255 0.993715 -0.066217 -4.920178 -0.986439 0.080046 -0.143285 74.315227
-0.143092 0.076983 0.986711 113.325685 0.085517 0.994203 -0.065166 -5.019400 -0.986008 0.075056 -0.148846 74.110326
-0.153460 0.076628 0.985179 114.547012 0.083670 0.994416 -0.064314 -5.107049 -0.984606 0.072561 -0.159014 73.913764
-0.166721 0.078760 0.982853 115.769764 0.085017 0.994241 -0.065251 -5.200248 -0.982332 0.072681 -0.172457 73.717379
-0.182287 0.080587 0.979937 116.989867 0.086319 0.994099 -0.065695 -5.276438 -0.979449 0.072612 -0.188167 73.524507
-0.193964 0.082572 0.977527 118.187094 0.083638 0.994215 -0.067386 -5.379785 -0.977437 0.068688 -0.199748 73.252803
-0.206043 0.079813 0.975283 119.369200 0.084207 0.994417 -0.063589 -5.484607 -0.974913 0.069024 -0.211614 72.966936
-0.222151 0.079752 0.971745 120.550822 0.088178 0.994208 -0.061437 -5.572045 -0.971017 0.072038 -0.227897 72.701450
-0.237754 0.082575 0.967809 121.736971 0.091901 0.993822 -0.062218 -5.671767 -0.966968 0.074150 -0.243874 72.444128
-0.252096 0.089664 0.963539 122.918997 0.091697 0.993431 -0.068455 -5.760304 -0.963348 0.071097 -0.258662 72.120501
-0.269317 0.096379 0.958217 124.105535 0.089910 0.993150 -0.074622 -5.853248 -0.958845 0.066056 -0.276138 71.828347
-0.284596 0.101026 0.953309 125.266731 0.087861 0.992995 -0.079002 -5.952987 -0.954613 0.061275 -0.291479 71.482684
-0.297579 0.106731 0.948713 126.412982 0.090805 0.992390 -0.083162 -6.078587 -0.950369 0.061401 -0.305006 71.107540
-0.311541 0.107778 0.944101 127.549399 0.092472 0.992270 -0.082762 -6.191311 -0.945722 0.061519 -0.319100 70.718103
-0.324961 0.106733 0.939685 128.682599 0.093818 0.992348 -0.080270 -6.295676 -0.941063 0.062075 -0.332488 70.310363
-0.338499 0.106669 0.934901 129.814271 0.093795 0.992431 -0.079272 -6.388219 -0.936280 0.060855 -0.345942 69.905498
-0.352967 0.107977 0.929384 130.938852 0.092898 0.992455 -0.080023 -6.490223 -0.931012 0.058092 -0.360335 69.489259
-0.366712 0.111919 0.923578 132.047489 0.092774 0.992188 -0.083397 -6.589217 -0.925697 0.055102 -0.374231 69.054792
-0.379858 0.115213 0.917842 133.136393 0.095835 0.991776 -0.084831 -6.704835 -0.920067 0.055737 -0.387776 68.589217
-0.395983 0.117579 0.910699 134.236563 0.098075 0.991511 -0.085368 -6.833323 -0.913005 0.055512 -0.404153 68.133314
-0.411136 0.117657 0.903949 135.323477 0.100450 0.991444 -0.083358 -6.927422 -0.906023 0.056530 -0.419437 67.642622
-0.426082 0.116982 0.897089 136.405221 0.101353 0.991535 -0.081160 -7.042333 -0.898989 0.056342 -0.434332 67.133977
-0.439503 0.117888 0.890472 137.472250 0.105191 0.991284 -0.079316 -7.141886 -0.892061 0.058810 -0.448073 66.586206
-0.454889 0.120520 0.882355 138.555251 0.107823 0.990965 -0.079768 -7.244712 -0.883997 0.058853 -0.463774 66.043055
-0.467135 0.124708 0.875347 139.599932 0.107751 0.990654 -0.083634 -7.346342 -0.877596 0.055251 -0.476206 65.421687
-0.481624 0.128457 0.866912 140.661346 0.106756 0.990432 -0.087450 -7.443004 -0.869851 0.050430 -0.490730 64.819239
-0.495936 0.129197 0.858694 141.687683 0.107924 0.990373 -0.086678 -7.529146 -0.861626 0.049687 -0.505105 64.161691
-0.512904 0.134465 0.847849 142.760694 0.112107 0.989690 -0.089141 -7.633935 -0.851094 0.049329 -0.522690 63.567578
-0.528384 0.137413 0.837812 143.794079 0.112720 0.989433 -0.091191 -7.768856 -0.841490 0.046254 -0.538289 62.903921
-0.544447 0.142169 0.826659 144.835203 0.116272 0.988809 -0.093478 -7.873384 -0.830698 0.045224 -0.554884 62.248051
-0.562913 0.145412 0.813624 145.893808 0.117679 0.988474 -0.095244 -8.003499 -0.818096 0.042132 -0.573537 61.604181
-0.576578 0.146963 0.803716 146.877943 0.115747 0.988461 -0.097708 -8.138538 -0.808801 0.036692 -0.586936 60.848187
-0.593881 0.149668 0.790509 147.892373 0.115240 0.988238 -0.100529 -8.256246 -0.796257 0.031396 -0.604143 60.126946
-0.606806 0.151163 0.780344 148.858191 0.114449 0.988136 -0.102417 -8.377853 -0.786567 0.027162 -0.616907 59.330242
-0.620084 0.153308 0.769411 149.815282 0.115118 0.987886 -0.104064 -8.516049 -0.776044 0.024044 -0.630220 58.532890
-0.632736 0.156286 0.758432 150.748486 0.119485 0.987397 -0.103784 -8.652500 -0.765094 0.024953 -0.643436 57.698810
-0.649593 0.159387 0.743387 151.721957 0.122819 0.986935 -0.104282 -8.810764 -0.750296 0.023562 -0.660682 56.899731
-0.663290 0.159765 0.731110 152.637030 0.121038 0.986986 -0.105869 -8.950584 -0.738510 0.018270 -0.673995 56.022114
-0.675449 0.164878 0.718738 153.540098 0.119717 0.986271 -0.113742 -9.095667 -0.727624 0.009218 -0.685914 55.130132
-0.692448 0.167799 0.701683 154.442282 0.120385 0.985815 -0.116945 -9.258477 -0.711353 0.003494 -0.702826 54.237632
-0.708728 0.171790 0.684246 155.337120 0.123496 0.985134 -0.119418 -9.399121 -0.694589 -0.000133 -0.719407 53.331592
-0.725866 0.176515 0.664802 156.231128 0.127759 0.984292 -0.121851 -9.541216 -0.675867 -0.003513 -0.737015 52.393475
-0.743359 0.178003 0.644772 157.101954 0.128188 0.983985 -0.123862 -9.706174 -0.656494 -0.009422 -0.754272 51.433258
-0.760992 0.179328 0.623485 157.960196 0.131592 0.983727 -0.122328 -9.878627 -0.635276 -0.011045 -0.772206 50.463340
-0.777620 0.177963 0.603023 158.798692 0.128621 0.983849 -0.124491 -10.065234 -0.615438 -0.019246 -0.787950 49.473973
-0.794605 0.174065 0.581639 159.636901 0.124998 0.984399 -0.123831 -10.270983 -0.594119 -0.025693 -0.803966 48.498251
-0.809568 0.173567 0.560781 160.404026 0.125619 0.984383 -0.123327 -10.460791 -0.573428 -0.029397 -0.818728 47.474602
-0.822646 0.172597 0.541722 161.093396 0.126853 0.984509 -0.121037 -10.659377 -0.554221 -0.030851 -0.831798 46.391772
-0.835037 0.172000 0.522618 161.789796 0.127011 0.984485 -0.121068 -10.826750 -0.535333 -0.034718 -0.843927 45.313363
-0.847383 0.173027 0.502000 162.442434 0.127442 0.984057 -0.124057 -10.987258 -0.515462 -0.041148 -0.855924 44.201527
-0.858548 0.172312 0.482912 163.086714 0.128544 0.984095 -0.122609 -11.133059 -0.496358 -0.043190 -0.867043 43.093681
-0.868659 0.169451 0.465529 163.717964 0.128546 0.984595 -0.118527 -11.303792 -0.478442 -0.043118 -0.877060 41.976361
-0.877325 0.172740 0.447730 164.293820 0.133223 0.983967 -0.118576 -11.439220 -0.461034 -0.044381 -0.886272 40.822385
-0.884036 0.174237 0.433730 164.802367 0.135909 0.983652 -0.118138 -11.531647 -0.447224 -0.045491 -0.893264 39.634307
-0.890617 0.174566 0.419915 165.381047 0.137515 0.983540 -0.117213 -11.680050 -0.433464 -0.046648 -0.899963 38.486409
-0.897611 0.177503 0.403468 165.990994 0.141054 0.982872 -0.118599 -11.837125 -0.417609 -0.049544 -0.907275 37.356855
-0.903664 0.178283 0.389366 166.479331 0.142293 0.982566 -0.119654 -11.988257 -0.403910 -0.052723 -0.913278 36.163957
-0.909108 0.181244 0.375064 166.987395 0.143964 0.981606 -0.125394 -12.159342 -0.390892 -0.060001 -0.918479 34.977386
-0.912761 0.182627 0.365397 167.412071 0.144050 0.980936 -0.130440 -12.341984 -0.382253 -0.066425 -0.921667 33.761116
-0.915907 0.180791 0.358369 167.814259 0.141639 0.980959 -0.132882 -12.501119 -0.375569 -0.070948 -0.924075 32.542745
-0.919984 0.175572 0.350435 168.278179 0.137313 0.981774 -0.131398 -12.711751 -0.367118 -0.072765 -0.927324 31.354261
-0.923317 0.170165 0.344282 168.735059 0.133189 0.982722 -0.128525 -12.896531 -0.360204 -0.072814 -0.930027 30.162666
-0.924845 0.167840 0.341309 169.112622 0.131991 0.983229 -0.125849 -13.061822 -0.356707 -0.071341 -0.931488 28.931818
-0.925978 0.170267 0.337008 169.523521 0.134393 0.982725 -0.127239 -13.223242 -0.352851 -0.072529 -0.932864 27.713601
-0.926807 0.175262 0.332131 169.960668 0.138260 0.981542 -0.132137 -13.391263 -0.349159 -0.076545 -0.933932 26.505388
-0.927585 0.180034 0.327375 170.392813 0.142364 0.980453 -0.135808 -13.574163 -0.345426 -0.079367 -0.935084 25.301630
-0.928350 0.188095 0.320602 170.842301 0.151547 0.979104 -0.135606 -13.742103 -0.339410 -0.077304 -0.937457 24.106591
-0.928569 0.192436 0.317377 171.259557 0.157329 0.978547 -0.133016 -13.901393 -0.336165 -0.073582 -0.938924 22.895085
-0.928381 0.193319 0.317391 171.665714 0.159011 0.978559 -0.130914 -14.086835 -0.335894 -0.071070 -0.939215 21.684044
-0.927671 0.192401 0.320014 172.034357 0.158171 0.978819 -0.129981 -14.279442 -0.338244 -0.069963 -0.938454 20.461621
-0.928498 0.189581 0.319297 172.481598 0.156372 0.979517 -0.126863 -14.454640 -0.336807 -0.067863 -0.939125 19.273653
-0.928683 0.188875 0.319178 172.902834 0.155588 0.979625 -0.126995 -14.646757 -0.336660 -0.068278 -0.939147 18.094605
-0.927808 0.187610 0.322451 173.266330 0.154561 0.979986 -0.125452 -14.816809 -0.339534 -0.066556 -0.938236 16.886734
-0.927561 0.185906 0.324144 173.676126 0.152906 0.980341 -0.124702 -14.983688 -0.340955 -0.066105 -0.937752 15.702481
-0.926126 0.187366 0.327390 174.084812 0.154617 0.980213 -0.123594 -15.145229 -0.344069 -0.063844 -0.936771 14.511191
-0.924950 0.187862 0.330416 174.511831 0.154853 0.980152 -0.123787 -15.315073 -0.347113 -0.063331 -0.935683 13.323914
-0.923278 0.190951 0.333309 174.964697 0.157314 0.979553 -0.125415 -15.478579 -0.350442 -0.063359 -0.934439 12.140857
-0.921952 0.189746 0.337639 175.420323 0.154005 0.979490 -0.129928 -15.683743 -0.355368 -0.067789 -0.932265 10.969941
-0.918951 0.192843 0.344006 175.871964 0.155906 0.978877 -0.132263 -15.846397 -0.362246 -0.067911 -0.929605 9.796355
-0.916877 0.190549 0.350754 176.315582 0.152893 0.979338 -0.132366 -16.041160 -0.368729 -0.067735 -0.927066 8.624041
-0.912927 0.187790 0.362354 176.741084 0.148780 0.979888 -0.132985 -16.224435 -0.380039 -0.067494 -0.922505 7.449910
-0.908879 0.183551 0.374496 177.191525 0.144690 0.980948 -0.129637 -16.404887 -0.391157 -0.063638 -0.918121 6.272849
-0.906006 0.182613 0.381844 177.710579 0.143371 0.981215 -0.129079 -16.573433 -0.398243 -0.062201 -0.915169 5.119914
-0.900892 0.182411 0.393853 178.212297 0.142726 0.981440 -0.128080 -16.763881 -0.409906 -0.059174 -0.910206 3.964646
-0.895261 0.182205 0.406583 178.732385 0.143263 0.981818 -0.124536 -16.920265 -0.421881 -0.053244 -0.905086 2.806075
-0.890028 0.180146 0.418804 179.264424 0.140718 0.982318 -0.123490 -17.092859 -0.433645 -0.050976 -0.899641 1.654567
-0.884513 0.178575 0.430984 179.831257 0.137040 0.982537 -0.125858 -17.283577 -0.445933 -0.052261 -0.893539 0.516635
-0.879110 0.174959 0.443345 180.402380 0.132955 0.983284 -0.124400 -17.470843 -0.457699 -0.050417 -0.887677 -0.611287
-0.872578 0.172928 0.456841 180.990855 0.130098 0.983732 -0.123883 -17.645165 -0.470832 -0.048663 -0.880880 -1.730429
-0.867850 0.171514 0.466283 181.629943 0.127582 0.983985 -0.124485 -17.823034 -0.480167 -0.048545 -0.875833 -2.816763
-0.859271 0.170733 0.482186 182.218025 0.125490 0.984206 -0.124863 -17.975111 -0.495888 -0.046782 -0.867125 -3.922350
-0.850715 0.167021 0.498385 182.818896 0.120729 0.984912 -0.123990 -18.148697 -0.511574 -0.045311 -0.858044 -5.013006
-0.841801 0.162893 0.514623 183.452782 0.115628 0.985666 -0.122852 -18.322403 -0.527258 -0.043912 -0.848570 -6.073696
-0.830106 0.157669 0.534850 184.069933 0.109339 0.986595 -0.121141 -18.500286 -0.546781 -0.042080 -0.836218 -7.138621
-0.817249 0.154410 0.555213 184.727878 0.106437 0.987304 -0.117909 -18.640766 -0.566370 -0.037266 -0.823308 -8.176911
-0.806250 0.153540 0.571302 185.430745 0.103838 0.987468 -0.118845 -18.816346 -0.582391 -0.036496 -0.812089 -9.182177
-0.796929 0.150931 0.584913 186.186281 0.100191 0.987897 -0.118409 -18.993105 -0.595706 -0.035761 -0.802406 -10.145040
-0.783032 0.146703 0.604432 186.902858 0.096225 0.988659 -0.115301 -19.142408 -0.614492 -0.032123 -0.788268 -11.137797
-0.772192 0.143219 0.619038 187.689516 0.091645 0.989183 -0.114535 -19.299276 -0.628746 -0.031712 -0.776964 -12.070293
-0.756790 0.139296 0.638644 188.445534 0.085050 0.989708 -0.115083 -19.477924 -0.648102 -0.032777 -0.760848 -13.009395
-0.740265 0.137796 0.658043 189.223383 0.083700 0.990045 -0.113160 -19.640344 -0.667085 -0.028691 -0.744429 -13.908952
-0.723953 0.135377 0.676436 190.026820 0.083277 0.990535 -0.109112 -19.783632 -0.684804 -0.022661 -0.728374 -14.790105
-0.706017 0.133808 0.695439 190.842358 0.080903 0.990798 -0.108504 -19.938523 -0.703558 -0.020343 -0.710346 -15.651893
-0.684795 0.134119 0.716288 191.680425 0.081138 0.990839 -0.107955 -20.073940 -0.724205 -0.015809 -0.689404 -16.497430
-0.665175 0.132062 0.734916 192.541672 0.076260 0.991104 -0.109075 -20.244410 -0.742783 -0.016510 -0.669329 -17.299486
-0.645505 0.131984 0.752266 193.425311 0.074534 0.991140 -0.109938 -20.412366 -0.760111 -0.014897 -0.649623 -18.071487
-0.625588 0.135137 0.768361 194.341832 0.078903 0.990793 -0.110016 -20.528482 -0.776154 -0.008198 -0.630490 -18.806178
-0.600075 0.135669 0.788355 195.245198 0.078774 0.990745 -0.110537 -20.667906 -0.796055 -0.004229 -0.605209 -19.552244
-0.575444 0.133732 0.806833 196.152149 0.075788 0.991015 -0.110207 -20.820235 -0.814322 -0.002270 -0.580409 -20.258629
-0.553174 0.131380 0.822641 197.122917 0.074664 0.991331 -0.108114 -20.957108 -0.829713 0.001616 -0.558188 -20.898359
-0.528986 0.126694 0.839120 198.106404 0.071648 0.991930 -0.104599 -21.111510 -0.845600 0.004790 -0.533795 -21.515553
-0.497293 0.126264 0.858345 199.088016 0.072807 0.991937 -0.103734 -21.229958 -0.864522 0.010907 -0.502476 -22.155042
-0.467206 0.126126 0.875106 200.103220 0.071943 0.991914 -0.104552 -21.355189 -0.881217 0.014110 -0.472502 -22.739926
-0.440219 0.123416 0.889368 201.137010 0.068139 0.992244 -0.103965 -21.501008 -0.895301 0.014833 -0.445215 -23.255391
-0.406910 0.118370 0.905766 202.170432 0.063671 0.992832 -0.101145 -21.666476 -0.911246 0.016514 -0.411530 -23.776135
-0.375782 0.113675 0.919710 203.238639 0.061989 0.993309 -0.097443 -21.815918 -0.924632 0.020394 -0.380314 -24.230200
-0.338786 0.106961 0.934764 204.293153 0.058937 0.993978 -0.092376 -21.941318 -0.939016 0.023797 -0.343050 -24.697473
-0.307156 0.102040 0.946173 205.398212 0.055522 0.994463 -0.089224 -22.069398 -0.950038 0.025127 -0.311121 -25.066721
-0.271720 0.099937 0.957173 206.511962 0.057056 0.994517 -0.087639 -22.158410 -0.960684 0.030799 -0.275932 -25.420487
-0.238102 0.092558 0.966820 207.645062 0.050414 0.995285 -0.082867 -22.305168 -0.969931 0.029011 -0.241645 -25.732069
-0.203175 0.091674 0.974841 208.790380 0.049161 0.995307 -0.083352 -22.405245 -0.977907 0.030989 -0.206729 -25.988179
-0.170293 0.083937 0.981812 209.920264 0.044276 0.996011 -0.077471 -22.515844 -0.984398 0.030278 -0.173330 -26.186160
-0.134342 0.080718 0.987642 211.069549 0.043523 0.996196 -0.075497 -22.615461 -0.989979 0.032842 -0.137344 -26.350642
-0.098321 0.076719 0.992193 212.219468 0.041210 0.996483 -0.072967 -22.723337 -0.994301 0.033714 -0.101136 -26.478560
-0.061899 0.073705 0.995357 213.359174 0.042191 0.996571 -0.071171 -22.816627 -0.997190 0.037590 -0.064797 -26.569156
-0.030056 0.071802 0.996966 214.525176 0.041635 0.996641 -0.070524 -22.914183 -0.998681 0.039389 -0.032945 -26.577000
0.005701 0.069407 0.997572 215.684664 0.042488 0.996671 -0.069587 -22.988045 -0.999081 0.042781 0.002733 -26.591983
0.036193 0.067603 0.997056 216.842152 0.040986 0.996769 -0.069072 -23.083142 -0.998504 0.043366 0.033305 -26.529972
0.074346 0.065049 0.995109 217.998707 0.041111 0.996822 -0.068233 -23.175110 -0.996385 0.045983 0.071436 -26.516133
0.107976 0.060874 0.992288 219.144882 0.041940 0.996956 -0.065724 -23.252304 -0.993268 0.048713 0.105094 -26.401408
0.139059 0.056487 0.988672 220.300622 0.040879 0.997193 -0.062724 -23.330008 -0.989440 0.049138 0.136360 -26.244385
0.172109 0.051969 0.983706 221.458537 0.040884 0.997370 -0.059844 -23.398501 -0.984229 0.050518 0.169532 -26.093546
0.202931 0.046820 0.978073 222.605202 0.040488 0.997601 -0.056155 -23.484819 -0.978356 0.050995 0.200549 -25.869048
0.232161 0.041795 0.971779 223.747219 0.042568 0.997683 -0.053079 -23.543720 -0.971745 0.053689 0.229844 -25.570704
0.268527 0.034695 0.962647 224.901772 0.043974 0.997868 -0.048231 -23.607616 -0.962268 0.055283 0.266429 -25.328029
0.297688 0.028751 0.954230 226.035721 0.045467 0.997985 -0.044253 -23.672266 -0.953580 0.056559 0.295781 -24.982799
0.327147 0.021968 0.944718 227.160807 0.045615 0.998197 -0.039008 -23.748929 -0.943872 0.055855 0.325555 -24.603952
0.357648 0.015538 0.933727 228.273308 0.047223 0.998281 -0.034700 -23.815779 -0.932662 0.056504 0.356300 -24.209886
0.386636 0.007073 0.922205 229.381962 0.047053 0.998517 -0.027385 -23.904510 -0.921031 0.053980 0.385730 -23.770700
0.413632 0.002868 0.910440 230.470294 0.046590 0.998618 -0.024313 -23.943165 -0.909251 0.052474 0.412927 -23.267779
0.442771 -0.002617 0.896631 231.550420 0.047154 0.998680 -0.020371 -23.986447 -0.895394 0.051300 0.442310 -22.779470
0.470477 -0.006490 0.882388 232.613313 0.051577 0.998466 -0.020157 -23.996284 -0.880903 0.054994 0.470090 -22.222529
0.495503 -0.010947 0.868537 233.647793 0.055417 0.998282 -0.019033 -24.034910 -0.866836 0.057563 0.495259 -21.631509
0.521516 -0.016342 0.853085 234.687986 0.057238 0.998234 -0.015869 -24.059474 -0.851319 0.057105 0.521531 -21.000280
0.546787 -0.023484 0.836942 235.722942 0.058171 0.998257 -0.009993 -24.101903 -0.835249 0.054149 0.547200 -20.358105
0.571283 -0.026810 0.820315 236.715095 0.056646 0.998371 -0.006820 -24.130253 -0.818796 0.050363 0.571871 -19.664200
0.594833 -0.027510 0.803378 237.719590 0.057581 0.998305 -0.008449 -24.148017 -0.801784 0.051285 0.595409 -18.970978
0.615668 -0.029101 0.787468 238.696366 0.058904 0.998222 -0.009163 -24.140535 -0.785801 0.052026 0.616287 -18.230682
0.634009 -0.031115 0.772699 239.635708 0.059051 0.998221 -0.008257 -24.150579 -0.771068 0.050864 0.634719 -17.450912
0.650097 -0.033523 0.759111 240.559312 0.057683 0.998321 -0.005313 -24.182712 -0.757659 0.047242 0.650939 -16.640616
0.667439 -0.038622 0.743662 241.483474 0.057657 0.998336 0.000100 -24.214274 -0.742429 0.042810 0.668556 -15.830047
0.683005 -0.041413 0.729239 242.403975 0.057906 0.998319 0.002460 -24.221801 -0.728115 0.040547 0.684255 -15.007739
0.696814 -0.044091 0.715896 243.287912 0.058841 0.998259 0.004209 -24.222867 -0.714834 0.039191 0.698195 -14.141469
0.710494 -0.045589 0.702225 244.129261 0.059768 0.998203 0.004332 -24.227780 -0.701160 0.038892 0.711942 -13.234932
0.723888 -0.048077 0.688240 244.980202 0.059658 0.998194 0.006981 -24.263018 -0.687333 0.036005 0.725450 -12.320685
0.738215 -0.047388 0.672899 245.820270 0.057806 0.998304 0.006887 -24.252411 -0.672084 0.033813 0.739703 -11.397851
0.751350 -0.048192 0.658141 246.647739 0.056953 0.998344 0.008085 -24.244938 -0.657441 0.031408 0.752851 -10.464488
0.762499 -0.048554 0.645165 247.402875 0.056155 0.998384 0.008769 -24.258843 -0.644548 0.029543 0.763993 -9.470511
0.780703 -0.051249 0.622798 248.306816 0.058696 0.998239 0.008565 -24.243643 -0.622140 0.029869 0.782336 -8.599974
0.792736 -0.054118 0.607158 249.101738 0.060745 0.998107 0.009653 -24.248865 -0.606530 0.029229 0.794523 -7.620361
0.802961 -0.055331 0.593458 249.848840 0.060426 0.998109 0.011301 -24.244380 -0.592961 0.026786 0.804786 -6.599073
0.810928 -0.056253 0.582435 250.528719 0.060087 0.998112 0.012740 -24.226415 -0.582052 0.024665 0.812777 -5.525323
0.820002 -0.058028 0.569411 251.219380 0.061842 0.998006 0.012647 -24.190195 -0.569009 0.024843 0.821956 -4.455610
0.829297 -0.059464 0.555635 251.949302 0.063423 0.997913 0.012137 -24.167815 -0.555197 0.025175 0.831338 -3.401353
0.835981 -0.064513 0.544953 252.620810 0.067270 0.997623 0.014906 -24.187321 -0.544619 0.024198 0.838334 -2.305434
0.844193 -0.068277 0.531673 253.335603 0.069313 0.997432 0.018034 -24.164298 -0.531539 0.021627 0.846758 -1.226643
0.852519 -0.069193 0.518096 254.027242 0.071350 0.997326 0.015790 -24.109991 -0.517803 0.023505 0.855177 -0.123386
0.857742 -0.070022 0.509289 254.638944 0.072310 0.997264 0.015329 -24.090135 -0.508969 0.023678 0.860459 1.021091
0.863341 -0.074062 0.499157 255.310117 0.074055 0.997057 0.019853 -24.099662 -0.499158 0.019826 0.866284 2.147509
0.867274 -0.073571 0.492365 255.965877 0.072518 0.997141 0.021259 -24.082483 -0.492521 0.017268 0.870129 3.286147
0.869362 -0.073224 0.488721 256.603305 0.071004 0.997208 0.023104 -24.071265 -0.489048 0.014615 0.872134 4.439051
0.872193 -0.074516 0.483453 257.262103 0.071795 0.997127 0.024166 -24.046011 -0.483865 0.013632 0.875036 5.584682
0.875207 -0.075361 0.477843 257.911556 0.071696 0.997089 0.025935 -24.023468 -0.478407 0.011561 0.878062 6.740649
0.877951 -0.074739 0.472881 258.553209 0.070982 0.997143 0.025813 -23.969380 -0.473460 0.010903 0.880748 7.906296
0.881193 -0.078140 0.466254 259.224844 0.072992 0.996907 0.029122 -23.953626 -0.467087 0.008371 0.884171 9.055571
0.883089 -0.081254 0.462117 259.837163 0.075145 0.996670 0.031645 -23.941354 -0.463150 0.006780 0.886254 10.241843
0.886139 -0.081348 0.456224 260.460581 0.075357 0.996664 0.031344 -23.893407 -0.457252 0.006605 0.889313 11.425842
0.888658 -0.081933 0.451192 261.089746 0.075527 0.996623 0.032223 -23.868681 -0.452308 0.005442 0.891845 12.608523
0.890929 -0.081949 0.446688 261.690468 0.074766 0.996631 0.033720 -23.838300 -0.447946 0.003355 0.894054 13.807613
0.891856 -0.080292 0.445137 262.239952 0.072908 0.996769 0.033719 -23.820037 -0.446406 0.002382 0.894828 15.028244
0.892879 -0.078813 0.443346 262.825944 0.071888 0.996885 0.032437 -23.786647 -0.444521 0.002909 0.895763 16.235444
0.892857 -0.074452 0.444144 263.394431 0.068332 0.997218 0.029796 -23.743507 -0.445126 0.003745 0.895460 17.445412
0.892826 -0.074034 0.444275 263.957830 0.067986 0.997248 0.029555 -23.729660 -0.445240 0.003817 0.895403 18.654410
0.893281 -0.072250 0.443655 264.535978 0.066978 0.997374 0.027565 -23.702965 -0.444481 0.005092 0.895774 19.862883
