0.999996 -0.002626 -0.000385 0.000000 0.002627 0.999993 0.002595 0.000000 0.000378 -0.002596 0.999997 0.000000
0.999993 -0.003422 -0.001437 0.000000 0.003427 0.999988 0.003456 0.000000 0.001425 -0.003461 0.999993 0.000000
0.999975 -0.003853 -0.005925 0.063106 0.003872 0.999987 0.003222 -0.076517 0.005913 -0.003245 0.999977 4.024137
0.999972 -0.000775 -0.007493 0.037368 0.000789 0.999998 0.001801 -0.067383 0.007492 -0.001807 0.999970 5.559965
0.999952 -0.000799 -0.009766 0.013077 0.000816 0.999998 0.001692 -0.082280 0.009765 -0.001700 0.999951 7.043726
0.999943 -0.000544 -0.010645 -0.030612 0.000577 0.999995 0.003054 -0.118372 0.010644 -0.003060 0.999939 8.543088
0.999965 -0.001441 -0.008247 -0.124661 0.001465 0.999994 0.002978 -0.149418 0.008243 -0.002990 0.999962 10.034864
0.999961 -0.002650 -0.008415 -0.177009 0.002684 0.999988 0.004017 -0.177764 0.008404 -0.004040 0.999957 11.527045
0.999939 -0.002185 -0.010826 -0.197482 0.002234 0.999987 0.004509 -0.188424 0.010816 -0.004533 0.999931 13.015783
0.999925 -0.001975 -0.012091 -0.230352 0.002028 0.999989 0.004332 -0.203195 0.012082 -0.004356 0.999918 14.500309
0.999915 -0.001634 -0.012940 -0.240543 0.001693 0.999988 0.004554 -0.224427 0.012932 -0.004575 0.999906 15.983111
0.999869 -0.001714 -0.016111 -0.211105 0.001793 0.999986 0.004880 -0.238686 0.016102 -0.004908 0.999858 17.456926
0.999881 0.001215 -0.015402 -0.271282 -0.001132 0.999985 0.005442 -0.239429 0.015408 -0.005424 0.999867 18.929427
0.999844 0.000992 -0.017633 -0.282957 -0.000899 0.999986 0.005269 -0.248092 0.017638 -0.005253 0.999831 20.391680
0.999859 0.002384 -0.016604 -0.366165 -0.002285 0.999980 0.005981 -0.267126 0.016618 -0.005943 0.999844 21.846618
0.999881 0.001526 -0.015319 -0.407826 -0.001431 0.999979 0.006251 -0.285194 0.015328 -0.006228 0.999863 23.298595
0.999932 0.003662 -0.011088 -0.482654 -0.003574 0.999962 0.007939 -0.301960 0.011117 -0.007898 0.999907 24.737944
0.999923 0.005653 -0.011024 -0.516452 -0.005583 0.999965 0.006309 -0.306607 0.011060 -0.006247 0.999919 26.171070
0.999931 0.005417 -0.010377 -0.555342 -0.005356 0.999968 0.005916 -0.345653 0.010409 -0.005861 0.999929 27.595956
0.999919 0.005493 -0.011484 -0.556299 -0.005445 0.999976 0.004193 -0.328520 0.011507 -0.004130 0.999925 29.017726
0.999944 0.005709 -0.008942 -0.596971 -0.005655 0.999965 0.006092 -0.327333 0.008977 -0.006041 0.999941 30.428818
0.999953 0.004344 -0.008697 -0.597249 -0.004291 0.999972 0.006137 -0.322235 0.008724 -0.006099 0.999943 31.823637
0.999952 0.002193 -0.009520 -0.603302 -0.002145 0.999985 0.005023 -0.328000 0.009531 -0.005003 0.999942 33.208123
0.999954 0.005336 -0.008029 -0.646189 -0.005313 0.999982 0.002874 -0.332840 0.008044 -0.002831 0.999964 34.575674
0.999974 0.004734 -0.005376 -0.684272 -0.004715 0.999983 0.003423 -0.376655 0.005392 -0.003397 0.999980 35.931149
0.999983 0.003896 -0.004238 -0.695172 -0.003886 0.999990 0.002185 -0.401887 0.004247 -0.002168 0.999989 37.265521
0.999982 0.005879 -0.001540 -0.727179 -0.005876 0.999980 0.002290 -0.399234 0.001554 -0.002281 0.999996 38.589329
0.999979 0.006502 0.000222 -0.735247 -0.006502 0.999973 0.003286 -0.405294 -0.000200 -0.003288 0.999995 39.892770
0.999986 0.004956 0.001567 -0.744784 -0.004963 0.999978 0.004479 -0.432125 -0.001545 -0.004486 0.999989 41.175048
0.999978 0.003553 0.005569 -0.792663 -0.003584 0.999978 0.005513 -0.487774 -0.005549 -0.005533 0.999969 42.436434
0.999959 0.002747 0.008648 -0.787421 -0.002790 0.999983 0.005025 -0.516617 -0.008634 -0.005049 0.999950 43.677467
0.999894 0.003509 0.014155 -0.811950 -0.003556 0.999988 0.003279 -0.518407 -0.014143 -0.003329 0.999894 44.910700
0.999799 0.003029 0.019830 -0.831293 -0.003068 0.999993 0.001952 -0.539363 -0.019824 -0.002013 0.999801 46.130692
0.999718 0.003088 0.023543 -0.807587 -0.003141 0.999993 0.002211 -0.548873 -0.023536 -0.002284 0.999720 47.340172
0.999589 0.004369 0.028345 -0.758359 -0.004411 0.999989 0.001427 -0.565640 -0.028338 -0.001551 0.999597 48.537242
0.999337 0.005454 0.035994 -0.748803 -0.005460 0.999985 0.000059 -0.590149 -0.035994 -0.000255 0.999352 49.722839
0.999095 0.009591 0.041450 -0.672706 -0.009564 0.999954 -0.000853 -0.586141 -0.041456 0.000456 0.999140 50.898296
0.998682 0.011066 0.050116 -0.659989 -0.011087 0.999939 0.000145 -0.612601 -0.050111 -0.000700 0.998743 52.062751
0.997947 0.013006 0.062713 -0.626813 -0.013145 0.999912 0.001800 -0.645670 -0.062684 -0.002621 0.998030 53.211017
0.997109 0.014277 0.074632 -0.535316 -0.014425 0.999895 0.001455 -0.664357 -0.074604 -0.002527 0.997210 54.340253
0.995816 0.016494 0.089881 -0.456911 -0.016853 0.999853 0.003238 -0.692742 -0.089814 -0.004739 0.995947 55.459060
0.994035 0.021023 0.107017 -0.369825 -0.021626 0.999756 0.004477 -0.698347 -0.106897 -0.006765 0.994247 56.569892
0.992028 0.020420 0.124354 -0.225906 -0.021352 0.999753 0.006168 -0.725930 -0.124197 -0.008774 0.992219 57.658928
0.989669 0.019146 0.142086 -0.069433 -0.020074 0.999785 0.005098 -0.739586 -0.141958 -0.007898 0.989841 58.733276
0.986171 0.019367 0.164598 0.077805 -0.020474 0.999778 0.005030 -0.745452 -0.164464 -0.008330 0.986348 59.798019
0.982715 0.014705 0.184539 0.281812 -0.016069 0.999854 0.005897 -0.759313 -0.184425 -0.008760 0.982808 60.842013
0.978855 0.009686 0.204324 0.511375 -0.011806 0.999888 0.009162 -0.766804 -0.204213 -0.011381 0.978860 61.868996
0.973619 0.003200 0.228158 0.729943 -0.005854 0.999923 0.010955 -0.768177 -0.228105 -0.012001 0.973563 62.885519
0.967994 -0.001542 0.250970 0.999208 -0.001477 0.999929 0.011839 -0.783604 -0.250970 -0.011831 0.967923 63.873072
0.960657 -0.007363 0.277638 1.272896 0.004482 0.999929 0.011010 -0.782362 -0.277700 -0.009333 0.960623 64.850489
0.952988 -0.011764 0.302780 1.576511 0.008589 0.999893 0.011815 -0.789559 -0.302887 -0.008659 0.952987 65.807798
0.943901 -0.012996 0.329972 1.892387 0.008879 0.999863 0.013982 -0.810894 -0.330109 -0.010268 0.943887 66.755494
0.934318 -0.015682 0.356095 2.266094 0.010330 0.999803 0.016927 -0.809624 -0.356290 -0.012136 0.934297 67.666611
0.923750 -0.020679 0.382438 2.660323 0.014680 0.999719 0.018598 -0.820762 -0.382715 -0.011566 0.923794 68.551259
0.911556 -0.022362 0.410568 3.074958 0.017540 0.999726 0.015510 -0.835522 -0.410803 -0.006937 0.911698 69.416633
0.899154 -0.027269 0.436783 3.529082 0.024139 0.999628 0.012716 -0.850713 -0.436967 -0.000890 0.899477 70.258263
0.885191 -0.031176 0.464182 3.988190 0.029050 0.999509 0.011731 -0.853871 -0.464319 0.003100 0.885662 71.095639
0.869283 -0.031202 0.493329 4.450508 0.027601 0.999513 0.014583 -0.877840 -0.493543 0.000939 0.869721 71.930762
0.851670 -0.026705 0.523397 4.957017 0.021550 0.999641 0.015937 -0.867056 -0.523635 -0.002294 0.851940 72.725603
0.831589 -0.023773 0.554883 5.453167 0.017404 0.999708 0.016748 -0.879748 -0.555119 -0.004270 0.831760 73.512677
0.810577 -0.021271 0.585246 5.975221 0.019281 0.999768 0.009632 -0.855034 -0.585315 0.003477 0.810799 74.274240
0.788127 -0.017853 0.615254 6.541321 0.021076 0.999776 0.002013 -0.862972 -0.615152 0.011381 0.788326 74.995861
0.763837 -0.016155 0.645207 7.091410 0.022279 0.999751 -0.001344 -0.865718 -0.645025 0.015401 0.764007 75.735775
0.739143 -0.015622 0.673368 7.688285 0.020441 0.999791 0.000757 -0.884258 -0.673238 0.013204 0.739308 76.425607
0.712633 -0.014901 0.701378 8.297821 0.019199 0.999814 0.001734 -0.920324 -0.701274 0.012230 0.712787 77.084213
0.686531 -0.016213 0.726920 8.949701 0.022982 0.999736 0.000593 -0.931060 -0.726737 0.016299 0.686722 77.704441
0.660708 -0.015763 0.750478 9.634125 0.026409 0.999649 -0.002253 -0.914313 -0.750179 0.021308 0.660892 78.284181
0.630771 -0.013387 0.775854 10.312932 0.026090 0.999652 -0.003963 -0.936147 -0.775531 0.022742 0.630900 78.879425
0.603910 -0.012662 0.796952 11.033699 0.026970 0.999626 -0.004555 -0.963956 -0.796596 0.024245 0.604026 79.419602
0.574459 -0.010130 0.818471 11.773201 0.031703 0.999448 -0.009881 -0.978747 -0.817919 0.031624 0.574463 79.940956
0.544315 -0.006692 0.838854 12.556203 0.038407 0.999118 -0.016951 -0.996116 -0.838001 0.041445 0.544093 80.422127
0.514487 -0.003322 0.857491 13.354491 0.044278 0.998761 -0.022697 -1.014049 -0.856354 0.049645 0.513997 80.893426
0.483939 0.002560 0.875098 14.169546 0.045032 0.998598 -0.027824 -1.044280 -0.873942 0.052872 0.483145 81.336085
0.451507 0.007972 0.892232 15.001929 0.039899 0.998779 -0.029115 -1.098792 -0.891375 0.048744 0.450638 81.762577
0.420801 0.015464 0.907021 15.858485 0.032702 0.998946 -0.032203 -1.140039 -0.906563 0.043213 0.419852 82.119872
0.388014 0.019667 0.921444 16.730123 0.032245 0.998871 -0.034897 -1.170625 -0.921089 0.043253 0.386942 82.469816
0.349908 0.028083 0.936363 17.591856 0.028833 0.998754 -0.040729 -1.223393 -0.936340 0.041249 0.348663 82.842163
0.315221 0.036369 0.948321 18.488331 0.026218 0.998550 -0.047010 -1.272787 -0.948656 0.039681 0.313811 83.142226
0.279444 0.040826 0.959294 19.402899 0.024119 0.998482 -0.049519 -1.307994 -0.959859 0.036975 0.278035 83.400562
0.242670 0.044872 0.969071 20.326479 0.022432 0.998403 -0.051847 -1.364034 -0.969850 0.034320 0.241276 83.653675
0.206172 0.045506 0.977457 21.264944 0.022443 0.998435 -0.051216 -1.415582 -0.978258 0.032496 0.204828 83.853344
0.171237 0.043572 0.984266 22.215015 0.021814 0.998609 -0.048002 -1.456854 -0.984988 0.029691 0.170048 84.014904
0.136789 0.036905 0.989913 23.166205 0.023073 0.998916 -0.040429 -1.515446 -0.990331 0.028371 0.135789 84.140183
0.103846 0.037383 0.993891 24.122668 0.027283 0.998810 -0.040419 -1.559193 -0.994219 0.031314 0.102703 84.248744
0.071799 0.036708 0.996743 25.085451 0.031996 0.998723 -0.039086 -1.605612 -0.996906 0.034698 0.070533 84.308180
0.038790 0.032419 0.998721 26.054830 0.036585 0.998757 -0.033841 -1.645911 -0.998577 0.037851 0.037556 84.365329
0.014485 0.032049 0.999381 27.036394 0.033957 0.998894 -0.032525 -1.688534 -0.999318 0.034407 0.013380 84.361119
-0.007350 0.030883 0.999496 28.019228 0.030550 0.999063 -0.030645 -1.733720 -0.999506 0.030309 -0.008286 84.342081
-0.026664 0.032611 0.999112 28.998441 0.026710 0.999134 -0.031899 -1.793003 -0.999288 0.025836 -0.027512 84.323866
-0.045103 0.032620 0.998450 29.981505 0.029451 0.999076 -0.031310 -1.841760 -0.998548 0.027994 -0.046022 84.300734
-0.061222 0.033054 0.997577 30.969153 0.033488 0.998957 -0.031045 -1.895025 -0.997562 0.031507 -0.062266 84.278742
-0.070002 0.028537 0.997139 31.957579 0.038189 0.998935 -0.025907 -1.924440 -0.996816 0.036266 -0.071017 84.172680
-0.078323 0.023240 0.996657 32.948113 0.041518 0.998937 -0.020031 -1.941258 -0.996063 0.039811 -0.079204 84.079414
-0.084720 0.020275 0.996198 33.940625 0.046989 0.998762 -0.016331 -1.960652 -0.995296 0.045427 -0.085568 83.995533
-0.090343 0.020341 0.995703 34.942397 0.051550 0.998547 -0.015722 -1.997881 -0.994576 0.049908 -0.091261 83.939292
-0.093744 0.019298 0.995409 35.944632 0.054434 0.998416 -0.014230 -2.037042 -0.994107 0.052850 -0.094646 83.855555
-0.096834 0.019588 0.995108 36.949804 0.058428 0.998194 -0.013963 -2.050337 -0.993584 0.056790 -0.097804 83.774266
-0.100338 0.020257 0.994747 37.956515 0.062733 0.997932 -0.013994 -2.055542 -0.992974 0.061000 -0.101402 83.691165
-0.103248 0.020377 0.994447 38.967864 0.065536 0.997757 -0.013641 -2.092870 -0.992494 0.063764 -0.104352 83.586196
-0.104155 0.017406 0.994409 39.984461 0.065322 0.997808 -0.010624 -2.128058 -0.992414 0.063850 -0.105063 83.451554
-0.105812 0.018448 0.994215 41.003879 0.063576 0.997908 -0.011750 -2.150154 -0.992352 0.061965 -0.106763 83.330336
-0.108475 0.017890 0.993938 42.023714 0.063956 0.997892 -0.010981 -2.174552 -0.992040 0.062377 -0.109391 83.211799
-0.111131 0.017832 0.993646 43.045149 0.066042 0.997761 -0.010520 -2.187153 -0.991609 0.064453 -0.112060 83.076746
-0.114950 0.020256 0.993165 44.079142 0.068154 0.997597 -0.012458 -2.197583 -0.991031 0.066256 -0.116054 82.985284
-0.117854 0.021668 0.992794 45.117050 0.071177 0.997375 -0.013319 -2.221051 -0.990477 0.069094 -0.119087 82.890491
-0.118853 0.023206 0.992641 46.151789 0.074360 0.997127 -0.014408 -2.264176 -0.990123 0.072100 -0.120237 82.754001
-0.121927 0.026932 0.992174 47.198914 0.078910 0.996731 -0.017358 -2.292918 -0.989397 0.076176 -0.123653 82.666969
-0.124186 0.027929 0.991866 48.245165 0.080799 0.996569 -0.017945 -2.331331 -0.988964 0.077913 -0.126017 82.538286
-0.126747 0.028418 0.991528 49.304127 0.078667 0.996729 -0.018511 -2.375531 -0.988811 0.075654 -0.128568 82.414201
-0.128094 0.031943 0.991248 50.358871 0.073990 0.997004 -0.022567 -2.420968 -0.988998 0.070452 -0.130073 82.268328
-0.130959 0.033069 0.990836 51.422224 0.073169 0.997040 -0.023606 -2.456579 -0.988684 0.069407 -0.132991 82.173998
-0.131778 0.034635 0.990674 52.483270 0.074869 0.996883 -0.024893 -2.475969 -0.988448 0.070890 -0.133960 82.052221
-0.134023 0.034693 0.990371 53.545904 0.077985 0.996657 -0.024360 -2.497611 -0.987905 0.073969 -0.136280 81.918249
-0.134998 0.033147 0.990291 54.615980 0.079365 0.996591 -0.022539 -2.546676 -0.987662 0.075552 -0.137168 81.770122
-0.134546 0.035432 0.990274 55.691821 0.081389 0.996379 -0.024592 -2.569047 -0.987559 0.077289 -0.136942 81.630466
-0.134435 0.037047 0.990230 56.768900 0.080197 0.996430 -0.026391 -2.604390 -0.987672 0.075865 -0.136926 81.489246
-0.132804 0.040783 0.990303 57.846815 0.080334 0.996309 -0.030257 -2.649347 -0.987881 0.075537 -0.135590 81.349791
-0.134564 0.045992 0.989837 58.935351 0.084476 0.995818 -0.034786 -2.680196 -0.987297 0.078936 -0.137887 81.238540
-0.131047 0.049664 0.990131 60.023476 0.085753 0.995569 -0.038587 -2.704170 -0.987660 0.079850 -0.134726 81.063539
-0.128018 0.052261 0.990394 61.128573 0.086879 0.995363 -0.041294 -2.744485 -0.987959 0.080758 -0.131965 80.894119
-0.129855 0.053375 0.990095 62.238186 0.082958 0.995634 -0.042794 -2.779535 -0.988056 0.076579 -0.133716 80.793436
-0.131069 0.052296 0.989993 63.350893 0.074983 0.996270 -0.042700 -2.811334 -0.988534 0.068636 -0.134501 80.655069
-0.133135 0.046538 0.990005 64.455403 0.069348 0.996886 -0.037536 -2.849980 -0.988669 0.063657 -0.135948 80.515769
-0.133337 0.036525 0.990398 65.558581 0.069703 0.997192 -0.027392 -2.902340 -0.988617 0.065382 -0.135508 80.355108
-0.133244 0.030664 0.990609 66.668438 0.074273 0.997020 -0.020872 -2.936211 -0.988296 0.070794 -0.135124 80.204248
-0.132876 0.026182 0.990787 67.782627 0.079225 0.996733 -0.015714 -2.974035 -0.987961 0.076408 -0.134517 80.052800
-0.135119 0.026390 0.990478 68.911219 0.083415 0.996399 -0.015168 -3.003327 -0.987312 0.080571 -0.136834 79.927677
-0.133940 0.030003 0.990535 70.042245 0.081852 0.996461 -0.019114 -3.017108 -0.987603 0.078517 -0.135922 79.758699
-0.133943 0.029928 0.990537 71.177698 0.076343 0.996885 -0.019796 -3.047062 -0.988044 0.072969 -0.135811 79.598533
-0.132886 0.032802 0.990588 72.306584 0.075382 0.996892 -0.022898 -3.057687 -0.988261 0.071629 -0.134946 79.421007
-0.133049 0.033964 0.990527 73.444146 0.075213 0.996877 -0.024079 -3.117246 -0.988251 0.071297 -0.135188 79.283500
-0.134933 0.033963 0.990272 74.586661 0.080443 0.996489 -0.023216 -3.154502 -0.987584 0.076528 -0.137192 79.155764
-0.136499 0.035171 0.990016 75.740761 0.083217 0.996244 -0.023919 -3.184849 -0.987139 0.079122 -0.138913 79.022935
-0.134470 0.034846 0.990305 76.901606 0.083114 0.996257 -0.023769 -3.198002 -0.987426 0.079112 -0.136863 78.850105
-0.134838 0.032500 0.990335 78.060441 0.075203 0.996915 -0.022477 -3.243083 -0.988010 0.071446 -0.136866 78.703669
-0.132371 0.032101 0.990680 79.214019 0.073117 0.997069 -0.022538 -3.276405 -0.988500 0.069452 -0.134330 78.524762
-0.133548 0.034356 0.990447 80.377419 0.076271 0.996791 -0.024292 -3.321553 -0.988103 0.072299 -0.135740 78.392320
-0.133440 0.035421 0.990424 81.552317 0.079141 0.996550 -0.024977 -3.351364 -0.987892 0.075050 -0.135783 78.234190
-0.135887 0.036067 0.990068 82.715481 0.079436 0.996516 -0.025399 -3.391724 -0.987535 0.075196 -0.138279 78.096692
-0.137163 0.036802 0.989865 83.879482 0.075409 0.996798 -0.026610 -3.423359 -0.987674 0.070995 -0.139499 77.946591
-0.135089 0.036288 0.990169 85.046410 0.074536 0.996870 -0.026365 -3.455785 -0.988026 0.070242 -0.137371 77.766507
-0.132076 0.033954 0.990658 86.218531 0.074812 0.996904 -0.024194 -3.493362 -0.988412 0.070918 -0.134208 77.594141
-0.130533 0.030977 0.990960 87.405522 0.074976 0.996958 -0.021288 -3.514703 -0.988605 0.071519 -0.132459 77.431837
-0.135176 0.032314 0.990295 88.599040 0.073837 0.997017 -0.022455 -3.573007 -0.988067 0.070085 -0.137159 77.349557
-0.131869 0.029565 0.990826 89.806618 0.074423 0.997029 -0.019845 -3.605766 -0.988469 0.071123 -0.133678 77.179048
-0.127742 0.028260 0.991405 91.015733 0.071584 0.997250 -0.019203 -3.630674 -0.989221 0.068515 -0.129414 76.989347
-0.125042 0.028312 0.991747 92.227874 0.070249 0.997337 -0.019615 -3.666389 -0.989661 0.067216 -0.126698 76.820369
-0.127094 0.025877 0.991553 93.452231 0.070380 0.997375 -0.017008 -3.684561 -0.989391 0.067624 -0.128582 76.689049
-0.126323 0.028851 0.991570 94.678211 0.072544 0.997169 -0.019772 -3.709403 -0.989333 0.069434 -0.128058 76.568905
-0.122906 0.029157 0.991990 95.905477 0.075669 0.996934 -0.019927 -3.727519 -0.989529 0.072614 -0.124735 76.400806
-0.120418 0.031670 0.992218 97.137793 0.075664 0.996876 -0.022636 -3.743471 -0.989836 0.072350 -0.122438 76.269502
-0.118484 0.035121 0.992335 98.365826 0.075302 0.996814 -0.026289 -3.773237 -0.990096 0.071610 -0.120751 76.091738
-0.117262 0.035523 0.992465 99.603664 0.076074 0.996745 -0.026688 -3.819556 -0.990183 0.072371 -0.119583 75.928652
-0.116686 0.037853 0.992447 100.848396 0.076546 0.996644 -0.029014 -3.847930 -0.990215 0.072582 -0.119192 75.774028
-0.118458 0.038622 0.992208 102.097510 0.074614 0.996764 -0.029891 -3.895289 -0.990152 0.070492 -0.120957 75.633256
-0.119846 0.041541 0.991923 103.347287 0.073633 0.996744 -0.032846 -3.941301 -0.990058 0.069102 -0.122515 75.511124
-0.120633 0.042080 0.991805 104.596511 0.073281 0.996753 -0.033377 -3.990713 -0.989989 0.068654 -0.123325 75.362555
-0.124888 0.042903 0.991243 105.846880 0.072779 0.996769 -0.033972 -4.048728 -0.989498 0.067899 -0.127607 75.224918
-0.127004 0.045170 0.990873 107.095871 0.071084 0.996809 -0.036330 -4.104409 -0.989352 0.065821 -0.129810 75.068051
-0.128096 0.048915 0.990555 108.335227 0.068427 0.996839 -0.040377 -4.133202 -0.989398 0.062609 -0.131038 74.893188
-0.131797 0.051140 0.989957 109.562220 0.068227 0.996768 -0.042408 -4.193132 -0.988926 0.061953 -0.134860 74.737235
-0.138247 0.056271 0.988798 110.796761 0.074489 0.996148 -0.046275 -4.268324 -0.987593 0.067257 -0.141906 74.560549
-0.145787 0.056272 0.987714 112.021159 0.077208 0.995983 -0.045347 -4.337449 -0.986299 0.069649 -0.149546 74.389174
-0.156029 0.055855 0.986172 113.249611 0.073092 0.996316 -0.044865 -4.408060 -0.985044 0.065081 -0.159537 74.195815
-0.166465 0.055099 0.984507 114.473638 0.071126 0.996508 -0.043745 -4.477138 -0.983479 0.062742 -0.169802 74.008875
-0.180737 0.058187 0.981809 115.701330 0.072787 0.996302 -0.045647 -4.544259 -0.980834 0.063213 -0.184304 73.833827
-0.194331 0.057607 0.979243 116.912064 0.072625 0.996379 -0.044203 -4.610691 -0.978244 0.062527 -0.197811 73.586103
-0.208933 0.058049 0.976206 118.116209 0.071858 0.996449 -0.043873 -4.661988 -0.975286 0.060982 -0.212363 73.330643
-0.224289 0.055440 0.972944 119.303507 0.072652 0.996553 -0.040037 -4.738461 -0.971811 0.061707 -0.227544 73.057590
-0.238103 0.057406 0.969542 120.478705 0.077620 0.996183 -0.039922 -4.780279 -0.968133 0.065751 -0.241650 72.755069
-0.253044 0.059249 0.965639 121.658849 0.080825 0.995928 -0.039927 -4.871213 -0.964073 0.067945 -0.256803 72.468540
-0.267537 0.064465 0.961389 122.843289 0.081056 0.995729 -0.044212 -4.931599 -0.960132 0.066098 -0.271619 72.147270
-0.279424 0.069702 0.957635 124.001263 0.078710 0.995668 -0.049503 -4.975882 -0.956936 0.061543 -0.283700 71.748520
-0.293073 0.075283 0.953121 125.160018 0.078543 0.995421 -0.054473 -5.030978 -0.952858 0.058896 -0.297644 71.385124
-0.306576 0.079774 0.948497 126.308834 0.081295 0.995035 -0.057412 -5.119049 -0.948368 0.059507 -0.311540 71.007148
-0.320453 0.083358 0.943590 127.449892 0.082836 0.994771 -0.059747 -5.227179 -0.943636 0.059017 -0.325682 70.630178
-0.332815 0.083235 0.939311 128.582906 0.085793 0.994638 -0.057740 -5.301227 -0.939081 0.061370 -0.338172 70.215350
-0.348617 0.082685 0.933611 129.721140 0.085249 0.994770 -0.056269 -5.395790 -0.933380 0.059973 -0.353842 69.829808
-0.361339 0.083041 0.928729 130.833519 0.084027 0.994874 -0.056263 -5.455654 -0.928641 0.057709 -0.366465 69.374428
-0.372911 0.085025 0.923963 131.918495 0.085370 0.994713 -0.057081 -5.507359 -0.923931 0.057592 -0.378198 68.876642
-0.384539 0.087786 0.918925 133.000391 0.089905 0.994297 -0.057365 -5.567427 -0.918720 0.060558 -0.390238 68.384979
-0.399397 0.090282 0.912322 134.096117 0.092817 0.994008 -0.057733 -5.641719 -0.912068 0.061620 -0.405383 67.906862
-0.414369 0.091665 0.905481 135.185516 0.094873 0.993845 -0.057195 -5.704305 -0.905151 0.062206 -0.420515 67.416650
-0.428878 0.093422 0.898519 136.272819 0.097586 0.993609 -0.056730 -5.781659 -0.898076 0.063352 -0.435254 66.912784
-0.445071 0.097088 0.890217 137.365094 0.101756 0.993150 -0.057440 -5.882586 -0.889695 0.065020 -0.451901 66.417540
-0.460445 0.097984 0.882264 138.436292 0.103340 0.993048 -0.056355 -5.964764 -0.881652 0.065225 -0.467370 65.848104
-0.474044 0.101323 0.874652 139.503659 0.103855 0.992857 -0.058730 -6.024788 -0.874355 0.062996 -0.481181 65.260812
-0.491881 0.105552 0.864240 140.574550 0.102768 0.992724 -0.062754 -6.110997 -0.864576 0.057949 -0.499150 64.673745
-0.509779 0.109928 0.853253 141.658106 0.105512 0.992304 -0.064804 -6.203441 -0.853810 0.056993 -0.517455 64.116506
-0.524014 0.111505 0.844379 142.689395 0.105798 0.992236 -0.065373 -6.286815 -0.845113 0.055078 -0.531743 63.449576
-0.539459 0.115210 0.834092 143.737151 0.106488 0.991976 -0.068146 -6.382822 -0.835251 0.052059 -0.547399 62.801873
-0.552957 0.117993 0.824813 144.746905 0.109436 0.991631 -0.068491 -6.465938 -0.825992 0.052391 -0.561242 62.095814
-0.568609 0.121056 0.813652 145.782298 0.111464 0.991329 -0.069596 -6.556944 -0.815021 0.051120 -0.577172 61.408920
-0.582673 0.123250 0.803307 146.788689 0.109472 0.991328 -0.072693 -6.674940 -0.805300 0.045583 -0.591112 60.679852
-0.600087 0.126968 0.789794 147.814411 0.108508 0.991118 -0.076888 -6.764317 -0.792541 0.039559 -0.608534 59.970616
-0.615125 0.127157 0.778108 148.792584 0.106885 0.991247 -0.077490 -6.868067 -0.781151 0.035502 -0.623332 59.186560
-0.626400 0.131324 0.768360 149.744085 0.110073 0.990731 -0.079594 -6.946736 -0.771691 0.034718 -0.635049 58.374558
-0.638668 0.134502 0.757636 150.696053 0.114020 0.990277 -0.079687 -7.061616 -0.760988 0.035493 -0.647795 57.558630
-0.651854 0.139814 0.745345 151.609845 0.119667 0.989508 -0.080958 -7.120731 -0.748843 0.036420 -0.661746 56.679589
-0.666480 0.144287 0.731427 152.542611 0.121584 0.988994 -0.084309 -7.217823 -0.735541 0.032740 -0.676688 55.814928
-0.680185 0.149778 0.717575 153.455662 0.119746 0.988457 -0.092812 -7.354785 -0.723194 0.022797 -0.690269 54.931870
-0.696660 0.153964 0.700686 154.367418 0.122143 0.987894 -0.095632 -7.474371 -0.706927 0.018961 -0.707032 54.042264
-0.713886 0.156655 0.682514 155.251816 0.122915 0.987556 -0.098106 -7.603068 -0.689390 0.013855 -0.724258 53.124275
-0.728951 0.162009 0.665119 156.104699 0.126708 0.986736 -0.101480 -7.737172 -0.672737 0.010302 -0.739810 52.147489
-0.745050 0.163317 0.646706 156.968748 0.127813 0.986551 -0.101892 -7.843307 -0.654648 0.006743 -0.755903 51.172954
-0.761197 0.163864 0.627477 157.800937 0.130596 0.986462 -0.099186 -7.976892 -0.635235 0.006446 -0.772292 50.174616
-0.777339 0.163003 0.607597 158.626802 0.127792 0.986625 -0.101194 -8.126649 -0.615965 -0.001016 -0.787773 49.168504
-0.791676 0.160194 0.589565 159.374816 0.125828 0.987076 -0.099240 -8.263281 -0.597843 -0.004382 -0.801601 48.110785
-0.804689 0.159422 0.571891 160.078150 0.126142 0.987189 -0.097701 -8.393547 -0.580141 -0.006480 -0.814491 47.033420
-0.818100 0.160508 0.552222 160.793031 0.130131 0.987021 -0.094101 -8.506194 -0.560159 -0.005123 -0.828369 45.954789
-0.830435 0.161220 0.533278 161.473971 0.131190 0.986885 -0.094060 -8.610856 -0.541449 -0.008150 -0.840694 44.858741
-0.841790 0.161374 0.515119 162.130179 0.129981 0.986787 -0.096726 -8.737732 -0.523922 -0.014468 -0.851643 43.744662
-0.852032 0.157448 0.499251 162.749025 0.127158 0.987382 -0.094378 -8.886113 -0.507811 -0.016929 -0.861302 42.622749
-0.862306 0.157679 0.481213 163.407155 0.130195 0.987374 -0.090230 -9.004320 -0.489365 -0.015154 -0.871947 41.514182
-0.871456 0.162185 0.462884 164.052155 0.135478 0.986626 -0.090635 -9.125567 -0.471393 -0.016274 -0.881773 40.395752
-0.879338 0.166248 0.446236 164.631273 0.139950 0.985919 -0.091531 -9.214811 -0.455169 -0.018036 -0.890222 39.240178
-0.887941 0.170102 0.427347 165.288879 0.144182 0.985211 -0.092574 -9.322906 -0.436775 -0.020584 -0.899335 38.130929
-0.894802 0.171146 0.412358 165.862111 0.145177 0.984952 -0.093768 -9.457976 -0.422201 -0.024039 -0.906184 36.979512
-0.900277 0.172643 0.399619 166.336697 0.145595 0.984544 -0.097340 -9.625139 -0.410247 -0.029451 -0.911499 35.783208
-0.905378 0.175799 0.386504 166.860126 0.147654 0.983806 -0.101602 -9.731487 -0.398106 -0.034919 -0.916674 34.595747
-0.910346 0.177235 0.373977 167.365420 0.148477 0.983367 -0.104608 -9.863410 -0.386297 -0.039703 -0.921520 33.403986
-0.914745 0.176289 0.363542 167.843732 0.146724 0.983304 -0.107638 -9.996586 -0.376448 -0.045120 -0.925338 32.210256
-0.918421 0.171875 0.356318 168.288562 0.143621 0.984099 -0.104505 -10.147776 -0.368614 -0.044804 -0.928502 31.005537
-0.921478 0.166027 0.351159 168.720255 0.138243 0.985032 -0.102956 -10.320621 -0.362997 -0.046327 -0.930638 29.802812
-0.924100 0.163642 0.345340 169.191468 0.137604 0.985548 -0.098792 -10.453277 -0.356516 -0.043774 -0.933263 28.600638
-0.925412 0.166319 0.340516 169.640692 0.139888 0.985009 -0.100938 -10.580958 -0.352199 -0.045775 -0.934805 27.391985
-0.926161 0.171899 0.335674 170.086681 0.144466 0.983896 -0.105257 -10.704139 -0.348361 -0.048991 -0.936079 26.181602
-0.927190 0.177029 0.330119 170.520680 0.148545 0.982789 -0.109817 -10.848023 -0.343878 -0.052784 -0.937530 24.973224
-0.928376 0.185608 0.321976 170.997483 0.157258 0.981166 -0.112175 -11.010967 -0.336732 -0.053507 -0.940079 23.788120
-0.929031 0.188915 0.318139 171.401335 0.161687 0.980673 -0.110175 -11.157499 -0.332804 -0.050917 -0.941620 22.570477
-0.930984 0.189324 0.312130 171.830235 0.162686 0.980579 -0.109535 -11.325363 -0.326806 -0.051196 -0.943704 21.364725
-0.931663 0.188645 0.310512 172.251182 0.163365 0.980882 -0.105750 -11.467725 -0.324524 -0.047796 -0.944669 20.152352
-0.932385 0.186979 0.309351 172.666579 0.162787 0.981323 -0.102495 -11.607983 -0.322737 -0.045206 -0.945408 18.948292
-0.932332 0.185728 0.310262 173.053745 0.162107 0.981642 -0.100497 -11.748916 -0.323232 -0.043401 -0.945324 17.750484
-0.932770 0.183462 0.310292 173.466424 0.159936 0.982063 -0.099868 -11.900649 -0.323049 -0.043527 -0.945381 16.556050
-0.933419 0.183199 0.308492 173.903964 0.160088 0.982140 -0.098859 -12.037480 -0.321093 -0.042891 -0.946076 15.377886
-0.931576 0.184485 0.313259 174.273977 0.161455 0.981985 -0.098175 -12.163728 -0.325728 -0.040881 -0.944579 14.169811
-0.929752 0.187603 0.316807 174.672473 0.164131 0.981410 -0.099473 -12.292748 -0.329579 -0.040487 -0.943259 12.967574
-0.927354 0.188339 0.323331 175.064977 0.163880 0.981240 -0.101540 -12.426661 -0.336390 -0.041176 -0.940822 11.759495
-0.925498 0.190797 0.327184 175.514430 0.164341 0.980587 -0.106959 -12.616723 -0.341240 -0.045221 -0.938888 10.583655
-0.921584 0.193248 0.336657 175.905695 0.165255 0.980074 -0.110203 -12.752324 -0.351246 -0.045927 -0.935156 9.385213
-0.918907 0.193380 0.343822 176.360520 0.166376 0.980274 -0.106686 -12.869660 -0.357671 -0.040831 -0.932955 8.206902
-0.916411 0.192781 0.350752 176.819383 0.165272 0.980421 -0.107055 -13.042647 -0.364523 -0.040137 -0.930329 7.043827
-0.914200 0.189848 0.358045 177.324989 0.163604 0.981184 -0.102525 -13.177336 -0.370773 -0.035151 -0.928058 5.883157
-0.909638 0.188390 0.370228 177.771001 0.160946 0.981471 -0.103980 -13.326561 -0.382956 -0.034998 -0.923103 4.697455
-0.903750 0.190143 0.383512 178.239540 0.163324 0.981321 -0.101658 -13.451993 -0.395678 -0.029236 -0.917924 3.519586
-0.897830 0.188400 0.398003 178.711901 0.161658 0.981761 -0.100056 -13.599741 -0.409595 -0.025493 -0.911911 2.339637
-0.891821 0.185321 0.412687 179.205354 0.158901 0.982440 -0.097788 -13.727284 -0.423562 -0.021633 -0.905609 1.165303
-0.886943 0.183647 0.423800 179.783338 0.156077 0.982749 -0.099216 -13.880071 -0.434710 -0.021853 -0.900305 0.027254
-0.882465 0.180473 0.434378 180.352848 0.151927 0.983330 -0.099899 -14.063869 -0.445166 -0.022163 -0.895174 -1.102052
-0.876178 0.177487 0.448120 180.919005 0.148340 0.983903 -0.099655 -14.208745 -0.458594 -0.020841 -0.888402 -2.236798
-0.869840 0.175949 0.460891 181.517174 0.145978 0.984198 -0.100221 -14.346757 -0.471242 -0.019897 -0.881780 -3.351849
-0.863964 0.168981 0.474354 182.109306 0.137365 0.985375 -0.100836 -14.499281 -0.484456 -0.021959 -0.874540 -4.455210
-0.856698 0.162936 0.489408 182.695120 0.129706 0.986361 -0.101336 -14.671116 -0.499244 -0.023335 -0.866147 -5.554302
-0.848317 0.157346 0.505569 183.326487 0.123507 0.987289 -0.100033 -14.803665 -0.514882 -0.022418 -0.856968 -6.622411
-0.838168 0.153714 0.523303 183.952816 0.119812 0.987919 -0.098289 -14.927362 -0.532090 -0.019684 -0.846459 -7.689647
-0.825964 0.149787 0.543459 184.599493 0.116008 0.988583 -0.096160 -15.054826 -0.551658 -0.016379 -0.833910 -8.736659
-0.814142 0.146960 0.561761 185.273319 0.112221 0.989026 -0.096097 -15.195065 -0.569718 -0.015196 -0.821700 -9.767048
-0.805114 0.145232 0.575065 186.019330 0.110560 0.989313 -0.095062 -15.324221 -0.582725 -0.012956 -0.812566 -10.744785
-0.790901 0.142205 0.595192 186.711061 0.108242 0.989798 -0.092651 -15.446051 -0.602295 -0.008853 -0.798225 -11.758692
-0.776542 0.139284 0.614477 187.444722 0.104835 0.990228 -0.091971 -15.566960 -0.621282 -0.007000 -0.783556 -12.738543
-0.760633 0.135280 0.634930 188.188919 0.100546 0.990794 -0.090649 -15.694941 -0.641348 -0.005111 -0.767233 -13.695195
-0.743052 0.131451 0.656197 188.935037 0.097455 0.991321 -0.088230 -15.815903 -0.662100 -0.001609 -0.749414 -14.627562
-0.724460 0.130442 0.676862 189.730883 0.100226 0.991430 -0.083789 -15.910029 -0.681991 0.007138 -0.731325 -15.522125
-0.708136 0.132199 0.693590 190.592030 0.103130 0.991147 -0.083621 -16.007028 -0.698504 0.012315 -0.715500 -16.347224
-0.687899 0.128367 0.714365 191.421022 0.098749 0.991637 -0.083100 -16.134521 -0.719058 0.013378 -0.694821 -17.202878
-0.667466 0.126396 0.733834 192.279677 0.096575 0.991859 -0.082999 -16.257626 -0.738351 0.015471 -0.674239 -18.016301
-0.647394 0.123716 0.752048 193.165399 0.093474 0.992177 -0.082752 -16.399712 -0.756402 0.016724 -0.653893 -18.791106
-0.626976 0.121793 0.769459 194.069440 0.091309 0.992385 -0.082677 -16.524525 -0.773669 0.018421 -0.633322 -19.539703
-0.607448 0.121285 0.785045 195.012744 0.091122 0.992391 -0.082811 -16.627336 -0.789115 0.021232 -0.613878 -20.240936
-0.585331 0.119956 0.801872 195.947438 0.090437 0.992483 -0.082455 -16.731238 -0.805735 0.024256 -0.591780 -20.919388
-0.563173 0.116405 0.818099 196.908290 0.088699 0.992824 -0.080206 -16.851835 -0.821565 0.027395 -0.569456 -21.577111
-0.536307 0.109922 0.836834 197.868742 0.087022 0.993400 -0.074717 -16.962068 -0.839525 0.032752 -0.542333 -22.238468
-0.507488 0.104520 0.855296 198.847291 0.083043 0.993928 -0.072188 -17.075797 -0.857648 0.034392 -0.513086 -22.883485
-0.480429 0.102103 0.871070 199.876797 0.081461 0.994102 -0.071596 -17.163714 -0.873242 0.036562 -0.485912 -23.449877
-0.449009 0.098998 0.888026 200.890481 0.077626 0.994408 -0.071608 -17.273023 -0.890149 0.036781 -0.454182 -24.012180
-0.417104 0.093982 0.903987 201.929365 0.075181 0.994798 -0.068734 -17.377664 -0.905744 0.039294 -0.422000 -24.537810
-0.388066 0.090120 0.917215 203.004578 0.076003 0.994947 -0.065601 -17.469198 -0.918492 0.044253 -0.392955 -24.990701
-0.354431 0.086017 0.931117 204.075191 0.076179 0.995106 -0.062931 -17.554378 -0.931974 0.048627 -0.359249 -25.429565
-0.325414 0.079516 0.942222 205.184870 0.073260 0.995583 -0.058718 -17.646910 -0.942730 0.049919 -0.329802 -25.795564
-0.294093 0.075965 0.952753 206.305221 0.071331 0.995801 -0.057379 -17.730114 -0.953111 0.051086 -0.298277 -26.129333
-0.261030 0.069431 0.962831 207.441905 0.067009 0.996307 -0.053678 -17.820513 -0.963002 0.050507 -0.264718 -26.449200
-0.225349 0.061970 0.972305 208.572632 0.060488 0.996940 -0.049521 -17.913345 -0.972399 0.047653 -0.228408 -26.765747
-0.188838 0.058640 0.980256 209.697643 0.058719 0.997104 -0.048336 -17.986105 -0.980251 0.048432 -0.191734 -27.004748
-0.150599 0.051089 0.987274 210.837195 0.055018 0.997549 -0.043228 -18.062960 -0.987063 0.047808 -0.153040 -27.235721
-0.116494 0.046093 0.992121 211.989241 0.053957 0.997741 -0.040018 -18.129146 -0.991725 0.048870 -0.118718 -27.372550
-0.083641 0.041791 0.995619 213.130542 0.053688 0.997858 -0.037374 -18.192197 -0.995049 0.050327 -0.085706 -27.468981
-0.048572 0.041628 0.997952 214.297796 0.055501 0.997700 -0.038916 -18.227505 -0.997276 0.053497 -0.050771 -27.542530
-0.016428 0.038092 0.999139 215.458425 0.055207 0.997784 -0.037133 -18.282519 -0.998340 0.054550 -0.018495 -27.545350
0.012596 0.032943 0.999378 216.617516 0.051995 0.998083 -0.033556 -18.366091 -0.998568 0.052385 0.010859 -27.498571
0.042876 0.028734 0.998667 217.773660 0.050825 0.998229 -0.030904 -18.431217 -0.997787 0.052082 0.041340 -27.425345
0.076553 0.023352 0.996792 218.925669 0.051630 0.998292 -0.027352 -18.463947 -0.995728 0.053558 0.075217 -27.357228
0.106069 0.019745 0.994163 220.085936 0.050198 0.998422 -0.025185 -18.500742 -0.993091 0.052576 0.104910 -27.219908
0.142178 0.016015 0.989712 221.251668 0.050527 0.998448 -0.023415 -18.525969 -0.988551 0.053336 0.141148 -27.126943
0.170561 0.012840 0.985264 222.407901 0.052494 0.998377 -0.022098 -18.554187 -0.983948 0.055489 0.169610 -26.939805
0.200034 0.008504 0.979752 223.566669 0.054838 0.998298 -0.019862 -18.582275 -0.978253 0.057700 0.199227 -26.709269
0.229789 -0.000255 0.973241 224.717420 0.054475 0.998436 -0.012600 -18.634023 -0.971715 0.055913 0.229443 -26.446469
0.263073 -0.004358 0.964766 225.880576 0.055480 0.998403 -0.010618 -18.648670 -0.963180 0.056319 0.262894 -26.209708
0.290770 -0.010347 0.956737 227.020903 0.055393 0.998446 -0.006037 -18.678712 -0.955188 0.054752 0.290891 -25.872108
0.320755 -0.016268 0.947022 228.156178 0.057221 0.998359 -0.002231 -18.703998 -0.945432 0.054905 0.321160 -25.543588
0.349373 -0.018584 0.936799 229.275485 0.058456 0.998288 -0.001997 -18.707760 -0.935158 0.055459 0.349862 -25.122863
0.379865 -0.024281 0.924723 230.397629 0.058251 0.998299 0.002284 -18.715643 -0.923206 0.052998 0.380634 -24.699045
0.408626 -0.026799 0.912308 231.491294 0.057911 0.998316 0.003387 -18.732809 -0.910863 0.051449 0.409490 -24.240142
0.434569 -0.030912 0.900108 232.550553 0.061344 0.998106 0.004660 -18.740557 -0.898547 0.053191 0.435642 -23.676287
0.463760 -0.037747 0.885156 233.616775 0.065660 0.997809 0.008150 -18.747842 -0.883525 0.054340 0.465222 -23.143311
0.491555 -0.042627 0.869803 234.689720 0.066680 0.997711 0.011212 -18.742468 -0.868290 0.052487 0.493272 -22.569017
0.517630 -0.045140 0.854413 235.718356 0.066653 0.997700 0.012330 -18.724710 -0.853004 0.050567 0.519448 -21.915628
0.544025 -0.047869 0.837702 236.750637 0.065248 0.997762 0.014642 -18.738109 -0.836528 0.046692 0.545931 -21.282469
0.567974 -0.050976 0.821466 237.779388 0.065887 0.997693 0.016356 -18.725666 -0.820405 0.044834 0.570022 -20.625657
0.589098 -0.053079 0.806316 238.774665 0.065877 0.997673 0.017547 -18.718776 -0.805372 0.042781 0.591224 -19.910423
0.609493 -0.054722 0.790901 239.769198 0.064723 0.997719 0.019154 -18.709543 -0.790145 0.039516 0.611645 -19.202381
0.627166 -0.056168 0.776858 240.734025 0.063243 0.997775 0.021084 -18.717185 -0.776314 0.035907 0.629323 -18.440994
0.641271 -0.058359 0.765092 241.634590 0.063003 0.997741 0.023298 -18.698954 -0.764724 0.033263 0.643499 -17.603890
0.657302 -0.062117 0.751063 242.571693 0.064518 0.997577 0.026041 -18.661232 -0.750861 0.031341 0.659716 -16.801405
0.674430 -0.064672 0.735501 243.505672 0.065774 0.997458 0.027393 -18.633634 -0.735403 0.029902 0.676969 -15.989806
0.686247 -0.065276 0.724433 244.340838 0.065364 0.997470 0.027960 -18.637276 -0.724425 0.028164 0.688778 -15.077564
0.701147 -0.068230 0.709745 245.237366 0.065942 0.997350 0.030735 -18.628577 -0.709961 0.025252 0.703788 -14.207305
0.715381 -0.069435 0.695276 246.097985 0.065387 0.997336 0.032323 -18.580021 -0.695668 0.022339 0.718016 -13.304848
0.728493 -0.071812 0.681279 246.930676 0.065139 0.997246 0.035464 -18.558568 -0.681949 0.018543 0.731164 -12.376359
0.743995 -0.074637 0.664003 247.798595 0.065970 0.997092 0.038161 -18.532536 -0.664920 0.015412 0.746755 -11.479446
0.756766 -0.077018 0.649133 248.594748 0.067678 0.996930 0.039384 -18.513567 -0.650173 0.014128 0.759655 -10.509417
0.770017 -0.079331 0.633072 249.418297 0.069567 0.996763 0.040291 -18.469420 -0.634219 0.013016 0.773044 -9.554751
0.781632 -0.078897 0.618730 250.209005 0.069375 0.996810 0.039467 -18.417655 -0.619870 0.012075 0.784611 -8.568186
0.792318 -0.081369 0.604658 250.970160 0.069233 0.996656 0.043401 -18.385687 -0.606168 0.007475 0.795302 -7.550778
0.803314 -0.081626 0.589935 251.726272 0.069439 0.996644 0.043345 -18.323975 -0.591493 0.006145 0.806287 -6.527501
0.812968 -0.081372 0.576595 252.457721 0.069259 0.996671 0.043004 -18.278732 -0.578175 0.004973 0.815898 -5.475036
0.821459 -0.087760 0.563475 253.192864 0.075080 0.996130 0.045690 -18.244474 -0.565304 0.004773 0.824869 -4.421123
0.830260 -0.089591 0.550129 253.907966 0.076939 0.995970 0.046082 -18.173472 -0.552041 0.004066 0.833807 -3.344630
0.836873 -0.093562 0.539343 254.606468 0.079949 0.995611 0.048661 -18.117243 -0.541528 0.002397 0.840679 -2.245803
0.842766 -0.094652 0.529892 255.282940 0.080176 0.995510 0.050307 -18.079159 -0.532275 0.000088 0.846572 -1.138853
0.848042 -0.096428 0.521081 255.977108 0.080822 0.995337 0.052656 -18.028042 -0.523729 -0.002540 0.851881 -0.027594
0.851853 -0.095631 0.514976 256.646201 0.079367 0.995405 0.053561 -17.966366 -0.517732 -0.004754 0.855529 1.101709
0.854128 -0.095072 0.511299 257.285374 0.078310 0.995450 0.054278 -17.908023 -0.514133 -0.006321 0.857687 2.252222
0.857141 -0.097957 0.505681 257.968570 0.080737 0.995165 0.055927 -17.847138 -0.508715 -0.007110 0.860906 3.382116
0.859778 -0.099956 0.500790 258.670185 0.081890 0.994952 0.057997 -17.790469 -0.504059 -0.008855 0.863624 4.505985
0.862415 -0.103179 0.495574 259.332786 0.083600 0.994594 0.061593 -17.710216 -0.499250 -0.011689 0.866379 5.658329
0.865706 -0.105610 0.489285 260.006245 0.085546 0.994324 0.063261 -17.638703 -0.493189 -0.012909 0.869826 6.804416
0.868452 -0.106876 0.484117 260.650738 0.087805 0.994208 0.061973 -17.534543 -0.487936 -0.011313 0.872806 7.968935
0.870280 -0.109476 0.480237 261.304700 0.089429 0.993902 0.064510 -17.459074 -0.484371 -0.013195 0.874763 9.134886
0.872311 -0.107078 0.477082 261.929546 0.087245 0.994154 0.063610 -17.394748 -0.481104 -0.013864 0.876554 10.318365
0.874815 -0.105838 0.472754 262.574535 0.086397 0.994284 0.062722 -17.309005 -0.476691 -0.014025 0.878959 11.491500
0.876901 -0.105066 0.469048 263.216250 0.086262 0.994374 0.061469 -17.225475 -0.472868 -0.013441 0.881031 12.663434
0.878207 -0.101927 0.467293 263.838645 0.084020 0.994712 0.059065 -17.143137 -0.470842 -0.012609 0.882127 13.849891
0.878860 -0.100441 0.466387 264.448240 0.082777 0.994863 0.058269 -17.073294 -0.469844 -0.012604 0.882660 15.038410
0.879414 -0.101575 0.465094 265.075345 0.084522 0.994765 0.057437 -16.988875 -0.468494 -0.011201 0.883396 16.212674
0.879416 -0.099246 0.465595 265.675028 0.082047 0.994990 0.057121 -16.939936 -0.468931 -0.012032 0.883153 17.409904
